825 2938
306 302
398 368
537 594
383 563
385 176
573 607
561 449
355 200
619 186
801 486
89 436
716 298
458 195
648 111
522 418
116 781
565 455
394 586
1 270
609 209
111 449
792 345
781 686
247 609
635 644
178 520
602 621
659 628
162 164
201 327
19 200
661 633
648 824
721 422
596 131
797 286
194 318
217 652
533 670
805 320
495 14
629 453
793 52
81 695
425 114
300 28
601 233
641 504
236 52
73 750
443 626
707 685
741 242
118 48
262 693
212 445
143 521
183 486
512 333
115 468
152 575
427 621
690 429
636 548
233 302
197 139
571 751
520 362
187 742
439 649
460 325
363 402
540 40
419 366
165 803
810 223
811 231
171 753
408 221
486 477
191 137
162 555
566 688
582 304
39 528
461 435
190 115
319 158
226 570
252 676
185 337
133 710
85 701
412 72
731 682
218 267
497 368
499 116
524 662
67 664
588 443
552 791
600 85
595 347
138 188
318 619
91 145
124 769
677 310
201 709
735 437
38 815
131 174
97 95
579 556
88 540
694 113
183 578
99 444
544 287
20 215
807 154
761 223
245 609
301 260
656 482
711 242
713 554
510 351
738 552
812 221
542 767
315 770
47 623
250 18
52 215
171 745
257 474
168 342
331 642
740 68
428 690
268 177
549 256
695 748
57 808
439 184
370 277
190 416
470 726
790 815
547 18
404 651
646 451
776 318
445 2
46 192
672 383
673 359
268 573
506 16
694 289
225 745
93 678
577 195
723 796
631 639
299 510
772 266
545 506
339 39
395 284
818 607
493 647
810 347
558 206
444 506
302 798
179 163
796 777
635 275
749 743
36 291
789 363
23 551
69 671
57 531
60 777
114 740
43 544
599 757
790 336
625 240
771 292
556 118
393 820
528 484
87 509
146 497
527 79
38 163
720 22
230 152
651 494
781 521
195 497
59 299
471 324
663 208
193 622
66 660
765 416
420 334
417 786
436 551
255 685
425 88
760 544
506 815
765 273
342 66
700 669
774 705
453 20
428 566
252 142
163 112
415 67
169 793
370 193
244 109
564 633
376 594
751 21
351 182
481 51
136 61
28 544
131 405
180 497
310 3
175 290
206 415
25 708
432 360
490 633
677 211
200 169
807 5
258 428
423 497
808 143
228 706
341 147
589 499
414 577
823 133
664 562
33 134
228 238
821 778
103 640
733 611
41 787
576 381
29 755
443 310
770 572
672 667
446 794
715 735
751 574
349 117
812 261
528 442
207 167
296 185
558 561
99 377
797 701
532 181
765 105
470 666
718 492
774 151
265 312
699 706
307 328
474 760
331 43
495 345
647 300
278 652
13 422
399 103
2 706
7 361
523 774
676 438
747 394
619 265
436 675
808 396
203 782
239 758
500 554
85 644
784 661
805 97
437 754
404 718
459 102
59 765
245 158
216 305
713 213
17 139
551 391
332 741
150 466
445 56
398 4
92 819
147 255
238 625
6 680
171 133
732 501
522 279
462 322
436 150
347 142
368 324
648 705
645 497
22 433
431 409
210 740
101 388
627 554
315 503
588 506
440 122
518 21
10 251
235 786
326 495
515 187
437 152
365 45
737 418
511 117
176 350
247 721
269 69
680 820
203 631
293 308
287 685
683 699
778 640
303 794
469 211
381 470
43 31
668 247
743 653
484 560
642 697
112 404
25 681
647 445
178 355
55 235
476 535
138 458
810 275
723 526
227 818
29 175
89 143
350 749
277 595
646 499
299 17
465 358
29 637
266 785
818 290
267 40
596 673
716 793
293 627
315 292
635 5
619 207
395 825
698 280
75 529
114 99
477 157
704 564
795 312
427 258
764 636
768 326
436 647
647 578
441 239
761 328
263 809
640 219
622 42
594 274
633 431
613 210
486 30
7 156
51 332
109 371
532 389
274 405
45 801
581 383
341 411
533 354
554 569
424 457
776 62
351 790
357 608
430 713
640 360
625 800
418 145
369 588
335 290
444 432
597 630
709 529
641 143
660 157
426 375
199 355
546 399
279 59
46 343
747 326
505 567
740 365
642 381
471 261
754 761
685 4
653 486
124 111
3 142
454 141
471 801
800 187
582 82
200 225
210 560
389 655
11 315
195 38
305 767
568 523
700 299
601 644
206 492
320 413
585 719
290 321
699 48
402 208
133 570
761 513
620 698
815 292
366 406
12 489
217 247
806 105
58 27
498 760
195 158
327 295
178 263
821 612
715 33
185 148
313 821
558 617
100 257
774 81
799 220
89 350
769 460
291 461
265 111
294 575
351 570
172 440
526 716
447 127
712 274
186 108
499 680
281 468
648 769
363 290
308 798
299 497
560 224
201 700
102 780
214 106
587 716
469 781
77 87
118 502
391 198
263 781
750 326
701 120
510 340
261 726
245 681
618 131
410 460
252 110
717 24
347 725
495 227
704 51
631 61
368 299
433 600
806 781
735 436
3 740
119 580
27 695
230 585
212 460
602 155
267 811
527 706
36 250
75 643
538 738
460 690
560 444
465 291
778 795
543 375
467 246
733 517
117 527
136 398
545 186
66 648
621 548
326 222
474 255
239 715
301 503
119 684
465 461
30 167
587 621
471 83
661 7
535 688
41 20
705 400
338 590
449 1
267 800
767 246
579 585
224 94
630 382
486 525
696 391
660 757
277 61
191 493
803 29
397 414
814 735
594 577
7 117
463 24
195 237
378 87
177 797
568 560
400 285
146 356
790 179
137 676
439 715
375 59
807 617
140 553
604 198
237 381
240 32
23 639
408 679
117 475
445 766
742 641
599 264
451 779
667 578
818 490
468 282
508 588
368 580
573 201
667 345
278 592
651 669
50 381
51 633
396 555
481 422
39 520
613 264
660 422
394 529
639 41
414 131
457 700
277 547
776 350
117 420
409 411
562 371
744 692
147 808
426 651
464 612
670 564
568 26
18 506
122 806
465 621
374 735
88 500
250 278
220 241
239 599
493 632
764 594
761 408
340 714
803 210
401 729
457 786
167 495
100 701
74 655
235 523
821 768
37 172
440 496
791 616
39 711
174 448
286 158
458 762
398 727
590 317
367 465
483 716
9 641
708 499
395 680
285 756
750 530
533 573
12 454
735 571
775 656
152 706
620 412
143 526
750 54
143 396
718 817
293 287
482 456
294 614
380 495
386 514
442 487
350 292
498 149
667 553
653 576
749 23
583 714
3 591
128 340
166 331
687 534
633 492
211 15
768 356
540 423
176 810
540 69
317 273
796 255
10 94
269 89
493 691
615 48
520 153
150 781
411 441
711 632
433 161
731 525
74 280
660 519
628 604
649 786
525 74
654 93
250 498
521 706
228 753
7 231
600 292
357 110
820 135
17 694
572 220
185 70
186 802
744 776
380 167
770 654
627 414
574 699
504 604
84 789
228 72
311 579
193 621
523 504
45 425
531 542
188 238
201 474
440 285
144 495
629 160
499 391
284 662
325 557
621 422
89 736
384 804
593 58
648 230
53 99
664 211
312 70
519 408
479 751
104 168
322 99
142 323
330 598
386 378
371 296
300 788
545 25
616 613
472 368
511 49
591 124
280 205
724 422
433 379
218 783
296 803
118 187
686 708
215 401
33 721
291 297
699 587
442 817
174 157
158 614
344 19
717 442
407 439
559 298
455 615
785 409
804 131
383 99
27 823
152 415
726 88
707 600
477 406
143 45
177 425
801 684
344 508
161 666
642 360
265 17
785 699
679 457
310 547
354 467
268 775
105 611
532 733
75 279
167 547
741 411
407 123
728 757
316 519
359 705
470 276
326 562
224 495
776 683
232 639
764 264
531 674
642 172
775 343
13 823
165 76
114 411
433 488
172 242
191 237
817 694
730 778
113 526
410 558
313 810
631 307
170 613
317 242
659 36
165 275
600 209
296 19
495 29
207 231
417 253
236 168
293 31
368 496
425 15
766 151
120 219
800 664
488 799
801 815
642 643
331 341
613 481
743 825
780 419
680 367
89 299
605 146
328 354
770 73
703 635
186 445
390 382
213 415
394 731
471 428
310 417
259 772
421 317
758 547
249 30
394 273
779 359
400 419
116 298
17 603
309 280
73 807
2 688
250 769
375 514
138 80
729 518
290 544
299 239
34 350
820 112
162 752
646 476
728 463
637 381
31 391
287 210
307 125
718 199
280 419
721 244
225 143
231 490
12 624
235 306
381 335
513 123
111 26
590 502
259 696
705 195
745 52
230 550
747 159
378 394
56 484
115 332
139 626
674 516
759 397
167 58
701 801
157 437
567 78
623 157
537 724
129 583
97 93
43 588
744 26
545 95
267 359
641 694
52 694
420 335
168 480
43 323
559 732
635 263
342 774
791 583
169 263
56 346
510 349
4 717
465 704
25 187
299 507
617 132
193 522
527 238
124 140
358 571
273 740
310 212
702 271
533 656
638 631
195 116
199 243
656 464
44 330
101 439
12 757
16 358
801 235
181 218
189 264
664 718
540 265
445 597
543 177
208 71
199 458
74 762
110 99
609 477
332 604
79 591
745 730
266 613
233 628
524 130
516 100
76 783
573 747
62 51
691 515
730 39
587 57
471 472
425 782
482 316
688 639
743 65
618 295
452 349
569 281
568 783
290 266
609 101
648 221
479 409
763 2
68 222
730 377
807 128
350 142
264 768
794 428
530 615
337 659
271 648
623 615
738 376
116 388
718 548
227 302
375 127
102 772
216 29
344 519
94 457
39 376
777 87
565 429
320 390
478 710
174 335
345 117
588 23
738 602
459 816
445 615
507 471
470 593
489 672
720 225
150 114
777 305
41 741
322 5
104 404
374 392
754 461
739 99
425 276
284 540
45 530
299 652
672 279
714 190
735 329
383 612
676 380
125 429
638 292
224 285
166 656
613 99
297 815
229 479
216 519
38 277
115 24
807 172
230 621
601 79
472 800
185 50
608 151
566 680
593 264
796 347
322 318
396 166
640 711
567 329
571 528
55 430
555 257
215 610
800 450
56 381
208 3
742 454
183 174
550 715
274 146
383 308
239 19
427 432
762 312
574 599
518 320
576 455
759 585
499 440
531 654
54 319
212 803
641 663
374 205
817 519
774 688
646 665
96 720
703 600
505 572
583 471
378 260
278 374
28 553
634 790
789 293
441 66
521 229
187 45
64 738
798 6
732 612
293 582
300 674
23 151
544 755
339 98
249 539
782 672
490 752
650 770
243 616
155 538
524 372
356 137
672 538
31 324
626 590
37 109
210 595
27 11
712 678
610 637
258 253
613 567
540 798
297 724
580 808
13 69
624 663
489 695
604 661
697 301
112 256
314 426
669 228
544 456
243 58
659 306
214 596
441 370
443 594
98 779
266 562
819 793
380 302
329 772
2 24
41 83
42 99
208 306
579 325
564 695
557 191
503 208
508 29
200 342
682 807
444 239
377 327
356 89
637 653
195 528
659 791
454 783
329 185
809 231
208 80
759 48
482 92
39 265
603 121
122 615
54 435
461 403
784 621
403 481
58 244
8 470
500 84
599 791
234 469
198 34
129 412
224 30
785 121
177 627
357 197
648 528
812 339
336 28
464 481
504 810
156 577
360 146
452 245
560 198
669 722
236 38
327 487
633 206
358 17
195 625
184 563
423 26
524 58
289 74
540 557
25 520
706 398
346 141
543 714
589 493
92 139
646 193
219 522
708 461
730 126
432 661
731 299
361 647
578 245
285 445
341 64
641 791
571 722
572 265
737 113
813 625
246 327
121 97
143 367
127 682
607 257
521 781
577 227
206 720
634 417
766 119
492 824
556 173
735 22
224 778
119 768
592 172
694 99
680 643
311 447
576 409
278 300
545 623
486 212
306 422
92 123
609 522
477 537
246 568
691 776
138 709
213 15
416 314
256 339
775 324
542 81
230 279
103 426
622 227
74 227
682 425
24 564
704 539
758 706
815 569
688 565
257 178
313 384
259 9
798 665
567 281
773 459
536 27
404 761
22 365
425 674
100 815
303 705
739 573
316 775
174 86
486 595
72 77
91 725
665 563
193 357
543 566
303 445
587 21
824 312
476 460
402 491
168 506
509 374
10 453
581 138
289 538
305 590
255 112
419 139
612 784
264 669
621 116
385 336
608 610
309 179
757 143
302 804
378 406
711 568
413 405
696 33
592 635
733 749
735 728
24 514
206 302
635 425
530 87
269 1
109 119
440 818
809 495
556 109
612 18
742 661
391 57
251 679
197 303
625 300
152 458
449 664
693 762
233 737
626 687
113 779
560 427
776 116
522 15
461 465
119 277
431 649
380 231
44 343
744 727
360 779
179 132
403 225
112 97
664 323
367 584
794 420
289 532
389 565
494 171
574 85
104 629
88 772
485 782
54 456
493 168
203 469
21 753
61 548
203 516
295 312
244 235
321 819
710 311
401 749
329 280
628 273
662 416
25 106
47 386
265 490
325 657
789 360
44 460
153 462
386 129
304 473
780 746
432 147
8 695
574 391
48 99
188 493
135 694
541 794
550 584
165 336
792 390
683 610
413 589
438 290
417 489
180 179
806 534
534 60
789 812
151 489
421 797
226 817
81 399
82 487
572 716
305 316
731 117
71 390
2 756
296 319
152 153
405 233
155 100
290 648
485 502
586 93
760 84
219 540
364 86
213 229
317 627
484 229
566 464
379 787
538 11
187 107
670 402
693 685
342 724
421 774
441 119
225 816
62 162
157 43
510 382
115 106
744 676
177 168
269 205
187 499
261 792
456 61
686 460
210 509
184 815
734 601
664 351
96 508
172 610
524 97
798 750
519 286
614 152
635 101
726 491
196 692
324 94
216 681
310 25
23 330
206 221
385 170
737 550
701 654
225 189
62 114
139 678
32 417
793 613
116 1
779 349
409 538
607 708
86 199
161 764
494 228
533 465
2 229
221 495
298 674
176 394
757 417
554 12
226 512
189 396
443 433
814 239
320 647
104 188
69 513
630 298
333 98
410 733
296 694
90 354
101 70
534 105
628 380
186 203
315 421
278 811
399 362
83 533
342 218
321 641
654 381
487 675
823 5
454 487
752 335
440 391
350 654
132 337
297 424
427 131
728 399
91 331
734 357
437 294
386 645
518 602
190 166
283 55
819 787
399 291
55 150
76 620
221 138
738 276
97 388
723 517
89 616
339 780
655 530
605 633
270 105
236 508
789 301
258 295
109 91
514 427
558 800
564 463
528 216
88 298
363 774
684 782
601 739
764 617
818 39
412 789
642 438
807 42
40 348
557 244
4 352
816 583
600 308
601 426
656 715
752 10
164 723
537 261
499 603
173 795
392 393
747 340
714 513
676 34
273 634
218 781
22 245
558 811
388 426
312 711
231 716
515 577
771 190
773 793
794 197
82 380
390 77
432 270
530 126
107 396
768 322
201 652
695 697
383 156
661 505
554 709
170 625
495 265
83 289
249 700
747 333
469 217
548 583
8 336
515 323
112 708
687 138
231 62
107 500
101 136
808 476
277 647
370 299
758 320
291 627
389 521
286 117
610 203
385 783
426 815
462 225
706 342
391 682
88 225
767 757
733 122
495 278
481 502
192 79
484 456
657 11
87 535
515 574
533 510
739 521
498 284
117 11
486 407
177 305
287 225
425 616
100 196
158 598
330 471
369 681
256 726
84 666
656 560
198 584
606 739
610 181
594 718
283 426
196 630
390 444
70 91
323 732
75 290
79 278
673 251
564 24
359 684
485 397
705 531
331 790
210 306
638 583
290 551
628 236
693 288
632 668
772 289
10 109
103 199
158 189
608 811
238 399
667 63
406 65
634 755
509 148
780 131
656 497
509 466
809 783
511 164
496 62
777 489
392 767
302 460
180 582
89 628
240 760
520 69
648 26
522 425
61 59
558 363
82 352
696 262
327 461
700 342
350 459
634 651
726 253
711 363
289 75
108 137
254 120
54 373
203 80
455 298
211 240
819 497
141 165
770 714
273 501
93 236
464 418
26 39
190 228
307 710
673 158
68 446
31 219
169 98
27 691
618 441
618 626
86 36
182 149
573 388
79 656
264 68
468 748
359 384
584 14
822 495
55 118
661 663
595 37
617 701
45 188
253 185
536 106
560 426
593 301
7 26
226 699
378 765
222 433
558 192
246 251
600 374
395 172
336 666
517 159
235 494
782 269
363 503
584 120
182 199
184 727
350 702
576 286
731 97
253 178
99 324
21 60
336 196
248 708
709 276
513 148
324 387
533 550
203 793
738 356
442 281
409 330
321 246
200 135
420 750
239 426
438 270
24 110
333 476
464 815
249 642
765 57
191 494
324 560
182 516
457 606
721 761
171 728
616 816
528 338
622 252
469 692
643 492
39 571
524 601
281 473
600 697
748 324
750 751
17 269
627 778
593 283
539 188
25 105
64 328
656 69
288 111
454 385
789 375
684 806
60 451
151 419
257 599
266 212
321 604
675 573
169 519
572 147
313 637
685 87
561 73
410 154
656 158
126 727
590 571
625 195
298 33
138 626
804 672
659 232
623 283
755 745
519 666
704 313
228 687
618 300
786 157
642 227
476 320
26 11
293 707
638 745
355 142
653 22
536 70
77 271
96 717
499 654
575 817
561 533
301 508
820 774
243 200
154 603
290 265
121 676
125 329
14 345
716 454
114 304
9 639
121 482
357 449
801 320
788 304
325 642
4 105
793 433
206 670
597 310
429 175
283 812
358 402
367 466
424 508
723 362
29 277
588 289
515 67
628 771
240 68
723 625
225 622
501 552
164 2
415 695
344 535
495 816
428 327
743 788
801 345
472 209
489 789
346 694
93 789
222 285
186 799
764 750
302 405
13 425
733 805
20 816
79 284
541 264
637 90
287 175
257 563
249 822
123 99
621 288
736 288
292 393
717 781
131 438
369 231
755 527
462 6
710 341
608 287
679 668
791 625
655 813
85 231
755 794
68 104
775 626
543 351
351 652
562 560
469 294
806 183
92 492
775 643
461 44
231 300
714 653
416 88
741 501
407 282
466 383
636 186
175 357
13 74
72 356
261 230
626 20
73 176
589 18
435 243
75 168
554 720
478 520
569 801
659 598
381 270
149 530
645 509
441 764
449 370
653 535
413 51
125 478
571 236
721 2
668 527
798 453
710 753
289 254
329 287
606 550
365 502
441 368
10 682
524 365
68 526
699 263
519 667
366 367
702 688
59 670
280 748
133 182
175 526
318 242
566 436
553 635
589 290
202 753
242 514
96 409
813 516
78 722
413 12
313 136
166 602
144 13
723 414
363 553
213 218
101 137
770 200
36 463
735 37
402 379
703 475
172 580
194 579
175 18
106 375
89 469
555 13
60 677
207 822
743 58
34 107
291 469
476 386
42 425
184 112
455 544
518 774
498 175
120 208
653 37
782 70
436 540
256 804
629 102
5 220
740 756
282 812
173 128
121 183
656 683
547 537
438 699
719 704
8 479
763 298
226 775
8 430
687 758
393 526
466 172
602 535
432 500
63 66
266 602
636 762
786 116
787 382
626 375
365 481
486 749
421 618
676 228
98 786
409 114
428 135
410 662
13 762
783 417
472 473
43 815
285 443
472 734
731 346
113 707
274 121
487 824
744 266
581 467
645 401
395 97
716 779
729 335
458 381
777 812
462 395
707 47
702 561
338 614
427 372
341 683
802 175
269 735
36 737
751 815
475 502
483 406
195 42
436 8
470 719
180 203
329 202
664 35
222 159
497 377
43 238
229 316
302 23
584 623
436 492
4 692
333 281
33 819
295 715
189 783
246 693
482 538
159 487
416 708
353 356
616 574
359 394
749 766
92 519
202 67
278 491
701 550
170 424
210 694
547 727
531 698
624 104
456 821
282 261
274 506
420 109
254 262
334 160
727 411
820 804
823 595
681 256
239 237
65 693
393 771
182 505
488 159
527 705
420 761
632 683
149 355
299 684
528 12
547 312
823 223
735 361
420 5
3 458
791 445
634 73
564 398
740 133
216 696
570 720
293 87
422 368
423 137
281 656
374 2
526 191
324 389
641 461
384 647
460 607
172 209
561 633
266 26
489 339
713 774
606 248
532 763
402 23
335 692
615 390
375 401
253 192
551 499
574 80
153 450
444 154
764 716
109 332
664 423
776 118
138 818
566 647
509 365
488 744
629 76
648 48
741 232
338 151
433 787
202 237
347 537
701 704
79 220
604 193
803 794
457 664
680 325
476 774
425 667
417 795
162 395
184 281
459 282
421 703
261 597
177 785
822 597
328 313
201 490
592 619
814 57
432 796
178 295
436 149
785 792
751 157
492 369
685 180
7 328
232 249
68 330
471 330
554 391
438 76
625 566
71 401
336 87
565 349
356 796
69 666
117 584
534 426
591 175
739 238
225 63
799 391
603 757
486 459
824 315
533 567
371 560
57 187
562 668
763 680
196 383
472 736
548 417
148 506
223 541
43 171
445 755
193 496
632 140
433 670
654 728
114 196
92 47
19 249
186 778
523 697
581 418
84 571
289 201
321 815
416 795
661 352
701 350
478 73
741 743
634 476
247 425
780 805
527 701
273 716
499 263
807 11
787 282
465 815
211 498
250 596
604 242
39 433
421 376
773 723
223 485
634 702
30 446
324 194
787 148
536 479
431 284
100 422
764 720
540 811
219 742
473 666
519 684
276 412
630 295
510 333
650 250
281 258
690 606
287 161
825 701
752 296
457 705
21 635
152 710
465 747
706 811
356 366
175 540
125 140
606 223
825 225
609 28
189 687
744 314
768 90
794 83
685 48
525 252
364 508
627 404
593 100
779 4
643 710
384 625
728 257
77 732
363 563
490 153
527 63
126 790
111 199
726 480
709 360
378 696
509 402
770 297
664 670
538 320
66 221
9 252
339 664
47 747
768 778
735 533
148 751
652 514
691 617
174 255
160 570
253 723
313 12
295 164
444 513
564 595
306 213
487 733
164 574
330 770
573 113
66 126
761 145
673 698
636 727
202 429
68 753
488 522
218 639
36 474
311 558
723 205
815 691
562 117
618 86
692 302
491 698
321 231
92 172
521 719
803 242
548 460
650 444
677 400
821 731
551 443
650 754
244 509
223 813
136 531
122 171
102 568
37 477
721 146
194 585
670 686
164 42
69 497
803 417
336 506
427 526
328 29
563 725
587 205
454 68
718 785
701 402
207 276
279 171
25 574
265 131
138 147
429 453
548 604
751 744
97 381
523 268
267 135
426 630
825 479
275 71
175 29
178 211
693 101
123 754
315 93
766 571
568 357
383 111
40 159
187 813
224 582
673 732
85 523
530 341
194 228
260 198
671 755
47 309
273 408
629 101
703 52
19 15
118 33
445 463
411 195
802 154
661 85
295 684
134 384
691 56
286 305
414 266
455 651
576 643
388 336
426 265
318 315
73 813
233 206
605 648
306 249
109 516
824 284
404 606
278 115
374 744
484 547
714 93
318 635
313 701
478 1
775 21
558 351
318 704
552 398
621 793
657 299
109 400
825 167
809 61
809 496
114 486
223 378
561 794
188 456
269 416
52 589
659 359
393 260
635 626
781 581
139 22
431 444
503 338
574 755
738 536
686 296
229 387
411 407
530 525
13 503
515 694
337 757
747 20
363 184
823 347
823 774
809 595
111 16
554 700
61 145
120 595
391 207
47 482
505 594
15 734
307 273
751 224
325 157
218 434
606 635
689 125
104 96
693 541
806 98
168 359
371 352
443 63
523 441
262 687
486 115
473 740
737 620
348 445
439 534
527 582
561 788
446 427
266 504
285 396
656 544
472 226
604 731
258 8
314 492
225 799
137 365
176 453
655 418
803 672
457 22
573 160
298 623
25 736
266 129
285 355
303 4
178 424
163 452
364 118
274 266
258 573
226 115
191 260
177 683
195 788
253 384
642 106
537 781
257 371
405 496
83 800
546 187
180 816
185 606
691 133
620 101
126 272
531 121
290 793
292 88
369 493
666 333
295 15
781 822
182 443
717 345
462 268
551 525
527 423
162 88
111 474
500 122
504 325
34 469
660 747
129 463
19 664
556 434
264 220
123 425
19 338
686 324
307 73
636 444
30 168
609 19
642 461
612 437
243 247
212 464
430 395
463 53
471 522
664 326
294 790
100 315
283 691
175 189
181 657
737 171
189 763
268 571
339 157
571 633
789 221
46 114
753 323
209 825
654 67
109 454
349 412
596 470
318 35
656 40
35 642
587 61
194 78
184 632
223 535
403 599
279 123
728 682
506 434
823 656
365 141
386 424
639 22
601 748
357 147
598 286
163 435
730 500
289 183
643 768
310 290
679 70
347 73
333 123
261 494
646 464
482 566
391 144
88 44
604 241
643 657
769 638
201 279
29 542
404 679
171 699
371 726
174 9
434 257
89 353
805 740
649 303
5 785
372 820
264 177
271 72
75 142
295 668
649 440
10 540
262 645
393 807
201 74
570 97
71 673
180 248
225 415
225 708
497 433
306 735
675 604
513 586
535 525
44 194
766 622
70 161
790 26
758 177
812 191
480 304
278 615
752 717
53 595
383 267
2 637
315 750
174 825
712 693
379 403
512 802
690 257
92 399
511 717
365 562
313 436
99 455
687 718
139 563
287 541
678 328
439 779
576 799
688 162
581 403
800 17
575 52
547 82
394 57
717 628
352 477
498 340
408 20
635 471
123 315
825 709
571 498
59 213
758 104
244 541
784 660
604 167
403 319
482 476
523 606
246 214
448 153
254 587
238 76
497 246
345 266
436 119
791 99
478 35
225 525
764 598
564 363
686 520
783 326
554 154
387 113
497 384
227 334
651 219
11 304
565 660
741 519
252 145
399 340
351 26
465 373
144 249
68 127
756 219
131 600
371 289
581 555
195 352
159 142
696 240
129 175
545 426
610 752
370 707
41 545
207 802
542 297
564 692
677 288
490 786
705 552
61 256
208 206
366 784
708 576
602 463
166 122
803 662
681 431
277 444
813 666
550 59
26 729
796 586
97 638
67 492
285 317
652 322
677 241
183 616
171 402
540 738
543 765
746 314
641 190
169 685
422 713
353 182
406 440
778 301
715 471
399 813
284 746
391 710
210 189
370 820
182 595
502 448
201 123
292 595
6 668
555 70
501 221
428 147
602 191
178 285
736 810
57 770
257 566
614 336
483 613
106 638
434 492
605 51
647 505
172 466
54 818
581 629
213 112
802 98
173 178
382 665
825 374
269 449
799 4
693 252
508 703
755 303
242 797
722 19
11 751
568 447
480 601
299 322
802 577
325 793
319 599
607 247
573 35
205 702
723 606
