928 1171
354 702
707 474
120 380
202 423
240 894
505 487
171 378
868 428
200 206
409 91
816 345
230 15
825 777
113 233
593 874
896 622
230 97
651 828
795 691
292 795
286 715
739 447
526 122
491 891
769 796
901 230
428 60
79 912
182 344
118 245
614 787
375 147
524 623
463 781
37 261
908 475
135 204
166 31
471 289
638 872
287 346
225 623
465 757
476 724
660 406
799 675
40 390
48 292
664 565
507 771
381 806
312 222
397 67
854 239
727 713
746 143
816 438
453 911
256 810
63 57
366 675
873 696
331 473
792 347
91 381
605 135
632 508
862 835
797 521
453 876
446 2
102 863
638 424
42 492
472 494
346 926
476 526
494 270
282 423
127 456
718 457
494 98
39 264
532 591
849 649
817 135
821 877
819 282
837 903
176 130
291 606
859 903
432 917
191 546
508 96
664 45
189 644
877 191
783 237
525 112
758 190
443 320
90 251
448 762
182 621
168 844
56 58
83 132
417 228
896 491
144 256
557 394
686 178
904 860
281 405
719 590
662 351
295 791
318 480
165 62
429 289
588 207
690 606
75 318
195 214
409 63
520 705
212 578
907 610
672 660
682 748
589 565
829 566
111 468
545 907
799 429
341 714
385 860
917 641
703 244
76 785
660 911
89 163
781 554
483 781
715 454
604 64
380 576
339 689
324 422
865 51
551 315
261 556
358 479
473 921
144 727
125 875
426 47
595 441
306 755
916 676
145 823
16 229
272 664
402 52
16 647
738 871
73 426
284 447
893 519
652 545
155 495
438 706
123 904
255 891
826 667
148 198
132 835
282 202
723 736
690 147
793 150
387 170
869 759
685 140
261 351
714 657
661 443
57 626
89 857
402 646
381 204
900 508
893 418
121 481
524 848
144 718
273 640
581 339
182 920
268 821
685 621
362 651
496 106
527 898
779 254
812 826
414 145
482 638
263 679
394 25
169 183
559 892
873 592
558 302
811 431
761 215
468 135
730 908
691 553
676 192
610 455
12 149
157 351
685 795
364 683
228 40
62 386
262 639
408 666
402 560
150 818
725 618
809 901
623 4
280 553
589 853
182 30
76 123
152 539
712 608
451 338
184 772
201 682
318 508
67 786
727 917
40 317
697 257
682 502
516 725
687 531
574 89
861 367
891 739
21 88
522 415
162 752
772 199
701 231
540 859
630 603
171 41
392 789
848 389
93 75
301 678
208 724
745 240
601 539
166 918
26 743
648 685
367 869
80 916
543 190
846 22
123 817
668 818
324 743
205 855
806 125
161 492
516 680
909 740
836 808
560 445
889 908
14 102
275 239
739 457
863 568
664 98
298 30
146 574
111 140
304 811
70 146
433 393
734 181
141 33
781 174
269 163
651 698
529 20
497 257
771 488
60 564
730 459
367 457
557 9
81 848
289 271
585 902
409 745
241 431
641 852
311 741
43 836
186 116
342 278
113 906
339 455
365 515
454 894
513 840
686 591
325 757
767 569
600 917
559 363
688 344
681 634
482 30
489 366
372 314
142 531
226 792
61 468
464 20
444 40
393 304
441 589
640 363
330 144
51 844
809 612
36 578
25 39
250 813
694 266
510 647
910 808
597 56
634 818
260 329
250 346
192 313
220 663
78 894
326 672
628 14
583 708
264 62
381 269
469 235
514 835
269 507
335 741
745 795
149 101
853 206
310 291
356 807
539 705
542 111
754 480
178 879
665 901
260 111
445 835
114 676
821 351
179 780
257 329
509 643
766 399
685 871
773 610
394 767
722 32
177 486
919 191
557 3
484 840
30 618
396 924
359 166
882 238
248 858
53 680
601 743
184 433
701 236
559 607
389 186
629 423
849 754
686 299
278 377
661 176
591 120
561 668
301 3
244 85
251 18
789 407
627 292
582 277
12 696
112 598
733 871
519 80
317 387
537 3
918 583
72 751
575 295
360 611
596 652
249 894
507 558
642 841
373 443
604 253
676 722
233 264
916 161
871 499
123 145
349 877
888 631
460 154
409 258
700 775
607 565
789 782
337 389
346 21
906 510
836 422
732 733
472 862
474 566
182 239
576 652
589 81
46 634
603 900
108 563
83 436
827 264
414 495
4 159
361 22
919 562
596 278
536 719
299 753
700 766
478 789
621 874
831 430
871 225
845 316
377 588
840 115
732 417
808 754
567 140
867 860
563 890
579 561
287 750
684 638
435 712
376 563
483 889
240 828
85 917
737 661
327 524
304 349
908 76
820 331
528 604
674 815
182 361
385 380
864 897
309 178
350 889
709 392
328 720
640 463
913 757
196 754
509 787
362 851
784 119
885 478
746 344
751 861
595 460
302 448
18 735
120 640
576 157
38 462
352 577
379 375
641 856
384 276
331 602
838 95
97 144
238 632
275 381
668 418
165 751
921 667
388 534
816 404
858 60
117 524
130 78
694 30
672 801
921 701
416 320
207 408
177 169
169 852
524 743
696 922
824 79
67 274
154 235
119 111
914 468
238 294
86 254
42 604
78 619
154 149
727 287
585 290
139 575
19 858
757 719
672 679
353 220
557 435
190 798
385 640
897 847
18 554
477 797
158 609
247 109
171 587
693 310
888 838
179 445
642 628
522 281
646 579
435 268
739 595
625 556
395 671
77 523
596 817
795 131
131 430
19 319
324 166
416 79
82 371
174 665
826 695
86 761
881 52
467 741
660 330
824 360
682 859
447 119
869 603
271 134
764 359
654 450
393 793
557 640
164 390
385 514
15 220
600 412
680 653
329 353
98 169
897 901
487 844
865 48
905 808
507 441
755 196
808 214
229 569
202 219
583 348
58 912
215 838
408 180
204 469
885 687
864 379
373 821
247 284
869 177
322 501
77 591
102 800
265 809
352 192
62 703
215 922
226 280
166 876
531 300
674 554
216 747
722 458
905 269
557 767
749 706
780 686
680 300
371 240
791 630
290 702
833 625
90 425
905 682
904 449
592 91
448 208
471 320
469 920
167 923
791 454
843 691
227 526
926 870
540 402
609 86
677 325
739 288
125 41
310 625
416 150
53 772
717 176
834 887
150 562
190 511
71 415
82 873
144 441
622 482
791 139
31 1
488 777
743 61
193 345
210 738
246 379
108 76
168 682
605 800
783 609
677 46
621 721
14 438
356 928
373 395
568 77
766 537
92 805
334 253
857 55
764 63
683 747
709 75
41 917
229 332
925 767
15 224
314 828
830 438
487 516
140 402
30 689
901 143
3 230
287 3
188 743
829 260
805 922
634 756
563 390
756 234
249 594
103 742
71 97
345 454
248 922
640 465
671 155
806 825
611 841
636 257
123 552
771 423
621 43
106 771
395 924
267 400
852 186
400 840
23 592
583 879
40 652
585 630
236 295
314 278
421 315
765 747
871 383
777 351
515 492
928 296
737 818
211 874
85 100
187 410
79 557
58 699
39 499
19 647
41 264
299 125
864 511
791 556
153 638
127 98
583 634
326 134
71 780
617 65
718 377
870 586
529 830
241 628
70 159
404 10
343 103
526 218
384 263
353 376
482 312
553 187
324 289
334 104
778 41
151 147
528 914
759 541
85 352
905 79
110 506
121 883
806 895
454 32
257 225
649 791
317 556
570 62
633 206
448 631
917 697
16 558
62 153
904 485
850 20
549 456
918 579
757 46
911 277
50 131
679 673
404 629
571 495
244 23
312 16
709 877
857 429
811 890
190 325
815 393
557 393
30 402
100 897
2 538
407 36
262 676
405 20
531 289
201 558
295 495
887 778
93 51
127 410
222 116
366 690
705 433
561 573
834 746
137 819
226 377
4 664
534 705
577 811
541 837
8 99
665 170
7 660
581 159
525 898
266 746
363 196
874 666
457 29
201 747
802 227
478 80
680 13
175 33
444 89
195 315
305 356
908 53
300 175
489 229
12 914
478 227
329 571
98 821
209 862
580 231
448 624
436 873
729 737
500 772
711 350
592 888
88 731
834 49
476 399
101 868
429 738
375 298
889 584
533 438
795 114
392 896
7 542
411 774
97 849
173 305
497 631
123 427
363 376
820 617
373 455
913 753
494 566
750 443
469 167
755 785
184 551
209 39
137 706
307 922
171 457
751 288
698 156
391 121
577 914
675 639
124 201
364 907
801 523
634 883
338 613
11 326
27 619
131 888
687 812
57 816
767 793
531 774
772 456
923 591
444 919
805 429
798 470
193 626
679 915
18 61
424 72
763 319
805 439
140 841
37 29
645 453
246 579
165 260
694 866
237 781
807 617
442 768
302 615
77 731
25 474
886 196
592 167
157 280
1 775
700 481
732 364
532 369
194 213
193 244
81 735
233 77
245 916
111 813
560 5
115 627
492 440
71 897
398 121
455 817
818 731
426 25
60 616
546 333
154 779
55 123
182 348
730 190
200 410
455 9
837 169
445 327
423 32
850 716
250 666
777 149
475 530
704 679
620 822
881 639
380 879
616 690
449 860
633 482
21 858
666 178
632 329
577 533
751 310
360 856
903 928
84 515
647 99
28 631
454 682
51 306
650 633
634 712
673 643
654 320
527 307
726 159
736 515
262 531
131 89
131 185
694 408
37 793
769 98
357 39
872 853
778 793
25 231
59 810
691 889
229 392
140 171
185 5
130 911
883 733
878 887
398 794
221 583
912 305
305 918
532 854
508 843
605 467
557 528
352 686
571 18
595 205
319 656
142 273
211 229
266 12
856 584
287 344
197 789
839 395
119 108
239 691
150 673
331 249
368 108
723 269
115 63
549 174
544 335
489 546
340 2
439 733
293 116
541 683
539 923
211 802
253 203
151 58
11 444
24 257
211 897
208 227
16 359
130 108
247 676
110 700
526 50
765 157
508 170
856 666
164 752
879 353
154 669
580 22
336 559
535 176
474 409
455 399
403 777
23 48
53 768
890 474
731 184
101 354
775 326
98 18
282 67
830 913
559 193
561 162
338 144
907 172
476 308
665 110
847 295
225 585
454 113
614 858
237 864
226 798
44 757
558 60
313 555
693 122
344 242
399 857
114 559
618 208
659 410
226 414
232 863
122 34
794 423
705 391
862 421
22 124
367 686
372 27
490 250
472 499
110 778
24 349
885 96
175 19
831 485
737 424
629 744
34 202
375 20
833 105
802 573
920 685
235 162
368 455
33 905
914 326
429 780
800 655
207 757
282 137
408 238
175 765
368 885
353 604
451 637
732 76
709 522
699 118
788 118
659 393
162 179
97 428
616 766
862 611
860 520
702 334
313 647
288 49
895 374
792 376
442 203
263 255
883 682
66 250
209 142
214 480
58 658
