1000 9883
581 638
697 145
328 748
973 196
61 522
426 153
246 526
599 14
711 592
108 555
489 575
60 710
134 489
483 217
428 718
897 343
257 922
982 92
711 374
566 415
352 891
28 10
998 970
503 296
752 508
382 651
807 816
421 117
298 256
373 844
635 41
874 803
393 492
468 944
877 172
795 217
635 390
530 102
749 370
930 844
382 613
19 535
539 220
631 882
248 393
539 780
968 988
478 299
761 205
335 422
173 455
123 968
130 410
900 682
597 800
780 448
994 580
808 9
560 602
667 862
117 139
762 336
567 825
58 347
206 339
478 724
33 943
196 429
876 575
607 697
353 670
84 822
174 412
567 223
881 892
813 369
112 739
850 49
319 310
837 309
395 494
513 135
58 44
171 263
79 406
372 396
724 601
929 439
340 866
214 774
498 486
82 745
156 407
489 650
954 708
242 114
411 707
638 748
161 504
381 541
511 594
714 275
25 665
483 245
503 238
450 918
968 583
199 241
864 680
369 206
620 951
407 484
292 845
673 502
532 319
899 596
666 873
204 792
810 782
669 866
526 789
322 335
655 435
144 627
165 131
351 232
605 970
505 216
292 282
863 77
390 891
729 728
890 237
879 641
835 676
729 169
382 897
691 101
395 608
566 935
576 163
309 654
601 272
783 674
92 669
171 790
5 814
797 910
541 876
49 374
68 406
822 555
399 782
736 424
628 750
116 442
374 630
481 663
150 327
536 973
803 187
72 143
236 898
811 740
150 310
962 840
308 279
253 65
36 441
410 594
565 526
146 908
128 143
241 522
504 533
461 97
318 662
559 956
8 865
985 955
91 8
989 623
789 5
447 71
251 846
108 495
431 563
547 762
289 222
933 669
681 522
13 687
214 16
612 581
735 406
392 80
566 468
347 622
313 434
578 510
873 554
503 355
320 231
329 580
576 707
515 608
218 608
934 106
313 652
544 16
714 795
986 621
491 441
18 971
937 39
188 511
706 380
304 740
231 315
343 861
432 777
335 489
815 51
838 496
877 406
255 6
130 467
849 969
22 237
102 447
13 422
839 990
127 984
644 728
650 579
35 195
978 273
707 725
641 743
89 802
453 321
220 76
149 952
315 416
228 583
241 443
407 624
802 914
675 384
306 613
418 939
571 211
864 71
168 606
277 100
798 42
832 741
291 951
803 36
16 914
897 63
223 861
851 304
628 134
21 464
392 560
854 576
980 763
578 542
760 869
742 789
856 868
671 283
696 717
186 755
828 806
78 445
480 924
392 366
397 995
659 304
755 347
202 396
761 922
522 984
815 701
397 937
488 262
87 294
205 987
739 975
960 992
373 597
434 507
476 834
826 549
260 67
856 672
32 34
397 342
553 640
459 997
276 693
853 189
764 360
967 277
797 606
494 745
668 102
696 359
218 759
867 222
170 626
743 627
6 706
738 81
331 397
207 278
563 102
247 529
452 687
790 275
3 191
801 798
133 37
715 752
308 826
674 238
611 931
387 685
361 380
549 377
975 51
723 74
685 317
452 988
8 359
1 172
990 620
22 346
600 430
799 118
968 434
597 657
757 280
280 916
764 516
176 101
508 330
521 663
650 373
928 895
674 367
654 937
346 268
536 372
43 356
690 965
52 478
381 278
424 861
439 698
427 82
344 478
54 279
288 870
155 588
483 331
621 721
461 384
190 70
82 951
356 170
501 503
967 890
569 63
316 552
708 534
143 453
765 564
749 79
899 904
810 213
317 35
691 362
108 488
715 80
166 264
244 728
647 859
503 585
47 31
640 704
84 395
520 209
922 717
745 934
523 934
763 317
729 253
508 964
188 601
10 786
796 853
598 489
601 315
778 681
586 417
164 31
2 174
884 654
905 763
984 348
362 144
823 317
92 297
387 649
616 871
13 383
510 123
73 659
990 417
847 88
401 988
44 347
248 70
232 715
488 597
996 638
280 833
232 602
139 6
474 699
150 410
793 442
963 341
674 716
809 856
813 203
391 885
489 500
529 668
876 877
955 390
258 938
291 672
523 122
323 208
659 394
295 110
561 69
713 553
539 849
591 520
263 605
802 497
217 791
94 591
792 263
246 666
393 220
592 274
485 558
877 988
649 19
833 350
65 244
32 507
584 568
164 744
327 76
942 987
625 109
416 675
740 266
725 442
448 410
777 573
912 617
606 343
292 283
937 202
576 902
459 826
407 58
389 603
763 360
411 191
340 15
624 946
880 12
248 422
528 680
356 785
16 348
52 554
295 906
795 450
81 651
950 448
50 134
274 830
116 443
8 48
93 917
790 37
538 2
922 229
211 342
567 684
197 855
186 152
666 238
82 25
724 920
727 459
549 93
366 929
292 524
868 611
63 963
505 855
293 842
441 191
336 291
307 674
935 284
702 633
759 632
531 627
713 628
246 964
270 372
932 801
312 170
185 412
811 48
427 299
764 240
911 245
916 285
939 148
535 464
612 51
565 227
659 98
420 918
539 456
230 773
129 553
820 471
344 392
437 897
421 12
499 804
575 367
981 196
51 3
491 440
667 477
8 906
676 389
434 24
383 79
593 981
120 653
526 387
40 78
888 658
207 162
68 714
871 379
1000 864
314 676
888 257
953 950
465 592
491 811
88 457
586 72
19 925
791 267
405 444
832 984
358 116
111 676
774 570
315 419
254 464
16 520
659 774
92 55
93 874
996 589
651 154
444 756
618 219
343 486
550 848
936 580
276 580
993 808
393 719
301 942
621 825
785 865
94 971
512 258
920 103
265 150
450 138
129 999
190 216
360 163
56 220
699 562
261 115
981 676
124 187
716 506
240 472
720 82
792 383
855 975
796 287
264 952
797 242
264 78
18 251
402 90
520 329
77 604
118 264
764 506
322 261
804 897
678 942
666 942
765 896
605 683
382 764
553 272
882 732
528 978
88 105
145 971
790 566
540 169
889 377
887 258
853 414
770 930
719 993
41 230
867 302
260 896
210 727
232 931
144 233
880 163
554 940
728 983
446 830
299 564
790 131
313 554
101 528
491 992
883 482
844 804
48 598
957 515
317 676
768 604
490 168
491 625
845 610
646 605
131 544
685 249
922 221
524 57
618 172
46 333
29 742
177 307
992 408
557 23
30 208
538 655
902 420
121 863
358 604
731 146
200 330
755 24
630 900
498 83
315 907
816 948
157 100
712 229
15 378
575 663
901 357
647 257
25 530
29 42
410 988
569 461
916 358
60 704
612 405
708 896
69 926
878 48
594 749
720 62
208 866
227 222
421 226
761 663
463 603
299 714
800 981
820 24
326 289
75 99
611 437
45 574
282 907
50 351
549 887
911 880
346 747
471 825
369 915
388 275
563 167
786 506
239 989
379 502
829 56
939 664
300 682
526 456
822 803
71 277
183 767
460 780
923 172
89 718
157 881
140 97
254 387
736 398
700 41
538 188
633 122
407 725
211 460
964 224
438 245
420 320
885 148
675 458
593 183
107 764
521 976
131 540
997 731
870 91
854 828
600 395
965 381
324 11
966 718
915 680
106 591
25 899
23 651
437 165
699 190
108 241
423 470
723 308
51 991
983 254
750 735
950 493
733 915
537 184
441 19
632 250
940 211
417 10
695 347
212 800
522 191
426 232
691 796
263 463
181 66
21 745
152 376
651 878
802 270
143 58
570 786
241 168
904 322
557 632
912 829
321 600
864 682
262 559
346 724
78 775
249 391
981 958
964 812
783 232
342 904
199 17
169 198
796 101
924 82
247 773
602 308
711 122
165 18
203 419
355 555
210 637
407 53
371 462
411 190
395 533
69 438
786 478
255 415
312 553
810 488
244 940
35 459
993 481
933 494
865 296
925 858
178 449
611 877
176 738
179 985
110 873
279 434
799 359
211 488
439 136
617 522
390 340
338 29
718 264
757 302
405 121
82 22
798 480
488 961
380 727
303 425
127 634
333 231
480 293
102 940
33 683
474 271
38 644
440 659
257 291
189 808
301 986
280 739
507 333
896 134
290 429
755 35
59 744
722 360
190 338
360 57
877 524
859 1
24 606
167 70
828 796
561 959
878 142
91 808
698 368
212 972
755 399
96 689
575 59
123 104
895 734
143 399
237 32
511 705
772 317
440 190
692 116
313 545
466 964
727 603
152 993
394 866
950 855
274 460
576 628
313 658
333 879
677 218
681 159
899 848
826 976
494 834
818 864
72 642
515 768
329 309
183 694
356 822
909 8
556 417
752 115
239 655
279 240
266 689
943 857
909 153
639 238
987 857
865 165
27 712
174 137
657 337
586 73
504 720
573 349
832 985
357 978
429 69
747 214
487 339
127 824
771 870
334 450
906 707
173 64
466 202
859 673
508 433
14 784
664 945
295 493
413 866
456 189
954 70
862 967
487 902
422 579
884 298
511 909
209 22
450 426
769 404
698 50
975 514
906 7
963 74
517 395
547 779
869 925
487 868
328 755
807 197
95 695
189 558
150 796
65 992
122 755
632 91
291 294
241 231
848 393
132 338
560 285
468 586
360 819
747 961
342 103
495 78
208 903
997 393
32 437
913 476
142 958
968 641
143 483
518 309
242 410
8 446
928 255
113 143
970 321
156 925
514 747
731 531
718 995
666 990
761 468
681 251
922 759
563 251
987 903
285 503
737 700
168 81
496 334
616 623
691 95
862 468
168 224
903 530
183 952
511 287
793 668
171 848
466 396
69 49
54 655
295 691
405 479
483 979
546 751
799 227
140 860
641 705
37 548
166 904
102 10
34 298
806 916
823 110
208 505
776 827
270 753
586 990
292 581
558 344
465 127
621 796
875 564
200 252
193 425
24 137
436 831
440 314
294 437
629 766
777 989
928 607
723 851
967 598
806 592
578 659
764 202
123 134
589 181
498 818
122 902
802 346
531 904
34 688
948 532
313 383
422 43
958 73
579 884
707 331
265 508
96 1000
356 394
785 396
981 10
861 470
696 150
368 71
152 840
635 411
728 231
654 19
473 908
438 654
222 241
120 599
601 392
658 193
57 141
366 385
514 384
400 96
75 942
22 171
721 150
867 474
232 815
196 650
767 125
210 291
442 278
760 261
922 28
782 512
291 103
913 767
330 451
205 725
131 654
80 652
867 696
119 947
600 285
983 554
415 206
861 394
45 189
854 829
249 610
446 450
522 459
166 749
963 820
234 281
293 852
521 689
629 944
483 570
944 56
564 753
530 961
290 390
898 585
519 123
810 874
110 705
546 183
931 403
235 961
642 578
683 370
595 606
983 479
90 154
137 182
906 174
321 326
801 92
765 259
103 924
677 737
20 304
446 462
238 876
958 101
483 71
342 798
843 807
517 42
460 365
597 284
285 630
17 504
236 132
626 316
204 874
960 712
192 866
134 645
50 320
69 548
344 93
752 362
588 960
19 455
41 3
723 603
409 368
283 458
25 223
325 859
736 734
644 961
972 502
477 944
574 262
79 876
615 622
967 301
218 860
516 155
24 889
386 96
494 897
655 77
481 38
856 214
430 105
213 615
36 992
143 780
463 483
780 487
139 596
875 35
179 984
642 448
805 820
845 711
171 920
615 989
503 915
76 795
202 682
222 553
372 94
335 842
687 417
999 467
68 183
958 438
10 328
48 139
447 285
619 324
949 635
771 495
557 6
723 354
172 36
647 162
12 445
729 949
61 987
290 59
309 333
384 60
495 118
133 671
688 74
263 268
519 95
280 236
579 496
462 660
48 376
185 49
828 797
907 662
176 412
445 407
77 288
440 97
204 458
708 842
323 492
694 749
612 430
647 729
321 211
857 257
74 573
507 578
445 178
768 397
716 83
757 649
890 298
967 98
330 869
402 278
576 629
630 312
608 679
264 331
86 651
960 323
193 340
236 398
398 901
352 755
834 471
326 155
952 534
148 719
684 777
832 60
541 732
544 164
933 274
572 182
44 511
333 34
527 654
605 186
250 205
439 126
701 647
940 705
663 819
694 496
434 602
440 995
352 63
408 321
358 453
803 88
360 448
435 892
76 654
681 628
44 172
427 828
376 804
159 141
129 170
628 18
617 775
907 71
418 136
402 517
242 836
404 459
669 449
822 225
111 90
670 53
233 808
590 236
459 346
719 520
640 23
897 504
864 629
795 693
647 597
262 714
302 871
359 850
626 19
313 354
646 364
320 578
925 443
216 403
114 9
186 835
374 164
506 484
880 281
346 653
790 746
477 677
204 803
815 269
69 619
531 186
525 21
504 620
781 318
359 278
926 198
98 277
914 225
919 144
795 110
190 628
66 574
970 216
192 72
339 907
827 942
495 532
648 299
558 818
818 103
729 384
254 357
71 593
917 657
40 443
6 656
278 981
399 775
335 236
257 174
735 527
405 478
408 302
483 978
414 260
46 123
98 563
85 987
525 334
413 980
305 235
489 86
182 147
443 357
686 291
602 811
963 378
600 544
538 794
524 281
600 719
676 684
615 386
501 941
827 150
360 483
561 661
328 641
129 848
918 720
741 19
284 756
968 881
988 620
682 963
850 653
517 135
851 668
636 414
830 298
405 741
523 398
636 13
820 196
473 471
130 816
627 754
55 869
958 78
85 226
692 446
877 902
969 245
597 263
235 714
573 801
806 29
153 755
462 49
268 740
30 991
115 773
740 736
988 108
32 815
655 377
549 966
587 31
638 142
936 277
667 391
869 853
601 399
123 607
677 98
753 708
207 247
412 937
344 783
939 952
410 134
488 698
586 63
319 466
993 23
888 315
222 657
823 175
127 866
664 716
922 363
810 822
707 686
634 658
339 370
233 283
342 911
304 948
186 131
828 310
426 658
941 113
120 131
110 208
406 759
382 263
628 475
171 47
427 772
689 105
638 84
15 533
971 835
272 631
916 192
628 74
367 38
812 113
405 837
262 86
546 325
799 14
366 234
172 871
391 647
271 861
756 677
3 903
466 727
820 954
416 320
717 14
646 10
22 282
977 225
686 763
484 951
892 20
267 667
531 822
237 169
592 952
938 220
646 165
596 784
963 803
359 922
33 186
164 644
184 58
151 910
82 809
561 141
144 728
648 216
389 934
673 379
434 273
592 373
477 749
574 37
423 715
796 103
882 572
790 525
97 954
244 815
209 852
672 428
411 176
188 397
892 591
895 888
515 806
348 749
682 285
518 943
562 375
908 847
925 935
602 596
162 873
752 73
701 896
459 541
67 828
602 967
970 99
900 650
899 134
121 255
169 625
633 20
372 40
192 350
525 436
233 358
72 804
658 599
606 801
992 245
168 471
135 141
46 280
28 867
529 962
569 877
931 114
944 135
699 510
295 459
277 76
204 615
637 326
622 54
485 803
741 760
941 486
505 852
568 733
447 785
664 885
292 670
452 486
150 532
725 852
500 729
747 552
290 427
205 60
264 722
342 391
195 506
198 975
380 38
366 113
744 321
691 890
144 522
786 602
273 565
494 149
703 995
389 87
393 108
930 188
730 911
329 878
551 175
147 93
431 285
613 8
806 379
592 51
373 750
389 777
928 213
379 929
345 303
981 80
75 45
5 330
279 291
891 847
472 540
105 982
363 246
826 990
956 769
444 109
523 914
763 265
212 497
606 193
178 434
355 491
728 79
766 523
987 810
507 676
736 618
168 594
23 152
818 44
410 79
908 194
642 209
805 838
857 562
637 919
399 789
546 713
999 97
84 199
568 837
755 709
662 19
978 144
372 179
214 60
968 410
272 401
880 582
344 576
760 28
708 324
49 193
656 311
505 903
309 319
236 881
440 706
612 952
802 880
881 905
712 125
399 339
384 904
77 21
850 791
137 320
239 173
397 910
418 363
293 589
20 139
464 501
837 956
755 351
259 962
759 383
890 762
1000 86
217 844
878 27
437 351
845 370
812 637
134 401
7 669
411 828
928 130
459 8
155 307
528 823
482 680
117 717
155 416
473 74
606 387
547 212
146 229
194 551
795 240
887 366
835 723
982 646
167 445
93 485
522 424
356 837
729 229
930 916
439 270
310 402
661 682
672 323
162 913
272 49
550 292
274 611
743 333
428 998
433 194
550 695
75 533
828 461
741 892
904 517
10 604
447 993
595 411
245 286
965 245
480 366
272 366
24 767
667 919
580 476
470 556
72 203
906 884
139 111
927 222
380 793
474 338
555 551
392 577
393 744
867 42
655 625
858 367
307 671
968 227
761 563
806 711
823 703
294 427
956 892
262 917
228 910
229 206
68 844
416 293
401 567
740 222
501 718
674 188
820 714
692 264
730 71
12 906
806 304
517 163
42 69
632 669
263 795
711 365
416 114
548 955
222 330
209 589
339 618
503 468
587 385
627 896
540 25
264 260
696 263
330 13
305 761
918 373
960 59
469 567
698 739
439 387
474 488
830 720
211 96
875 57
639 160
163 453
633 127
226 447
447 517
874 371
268 184
932 407
445 327
241 950
718 384
370 530
297 664
727 690
521 848
882 299
693 315
903 167
125 397
112 792
629 781
257 360
119 723
465 456
250 890
548 293
794 597
721 799
918 915
281 462
450 303
218 411
841 646
902 391
741 421
744 471
321 663
968 799
623 847
879 43
682 533
369 278
3 902
579 423
247 301
871 695
214 158
416 321
705 589
777 840
996 68
594 371
927 758
574 889
26 819
902 816
82 919
910 351
329 706
381 649
493 975
648 842
846 621
498 935
229 597
401 206
203 70
922 328
833 195
659 467
622 839
950 846
425 81
304 878
894 675
752 364
272 897
830 725
403 614
37 313
725 55
670 744
561 794
865 444
266 624
39 907
244 943
322 669
35 460
610 104
444 168
678 433
681 467
40 485
339 51
124 811
782 627
903 417
954 476
239 586
334 378
664 461
197 35
37 617
974 778
706 840
391 38
158 823
824 943
306 634
864 432
820 235
11 19
585 506
785 744
128 789
992 468
759 854
704 472
408 5
797 565
637 310
195 223
548 345
406 921
148 593
384 62
65 767
517 382
323 408
873 64
68 998
307 678
609 718
325 420
707 201
979 556
871 586
396 828
290 283
478 761
185 753
901 297
573 988
354 582
820 927
323 321
930 235
823 532
773 367
636 455
206 345
915 242
190 297
817 756
783 43
532 361
790 861
916 648
665 904
304 225
748 594
381 798
446 714
764 321
624 756
986 875
274 459
977 648
463 909
47 66
764 466
657 778
484 745
269 196
363 233
843 35
58 873
57 770
700 208
407 90
231 310
605 613
933 62
572 338
754 589
442 635
574 288
922 769
65 272
626 463
127 118
697 987
349 216
61 324
1 441
716 784
905 823
764 292
185 693
790 106
465 741
288 910
54 849
993 207
701 758
462 58
339 301
414 441
162 334
951 114
917 462
277 111
408 242
839 401
452 155
516 844
367 488
295 383
318 548
868 624
267 230
968 121
676 650
163 985
774 235
498 472
279 919
267 887
513 115
732 353
385 480
719 613
873 205
655 909
159 562
861 694
935 397
557 908
924 930
233 703
627 363
137 33
194 50
363 649
713 886
480 747
471 578
20 490
99 403
302 724
564 239
801 139
839 38
463 579
236 191
718 909
973 542
440 676
602 376
36 614
630 282
207 511
249 301
394 916
624 879
52 712
937 6
477 837
5 574
122 404
213 827
914 366
952 581
346 233
653 979
473 999
588 744
648 301
443 955
871 411
434 794
456 318
184 781
528 606
482 526
174 168
488 751
965 99
13 342
145 614
607 562
791 299
225 208
262 447
547 287
841 62
126 48
77 500
716 581
443 814
642 168
96 210
499 15
814 858
121 513
702 263
689 925
833 920
884 435
375 529
671 196
659 516
58 133
258 963
962 431
935 448
731 45
414 198
110 209
901 720
416 614
318 290
449 689
985 615
33 434
198 788
128 362
204 445
578 750
850 651
265 7
659 339
952 455
302 967
424 608
425 457
189 416
502 809
543 589
17 759
886 579
601 977
692 440
431 468
164 753
825 281
591 966
27 299
981 934
269 298
217 73
770 753
833 151
190 820
865 135
359 679
530 209
127 347
271 477
540 26
647 854
248 544
478 796
105 477
494 889
870 640
597 968
144 772
617 494
502 439
658 847
86 652
653 72
678 485
607 385
443 52
373 315
150 917
634 656
102 90
339 372
286 301
141 534
318 27
538 150
383 583
719 25
866 639
478 873
742 394
615 152
102 53
949 612
802 742
236 811
898 88
702 868
885 434
410 799
46 732
644 596
289 889
56 604
474 311
508 218
953 323
147 500
383 778
276 208
314 271
524 398
873 244
644 561
346 156
699 912
493 172
369 486
920 978
744 246
53 132
834 923
485 553
159 808
330 618
845 313
424 747
939 316
498 932
227 254
941 870
711 336
969 817
162 760
734 755
477 634
60 454
811 262
597 281
469 150
881 254
334 780
498 646
269 505
95 61
554 191
866 253
973 695
978 995
64 175
88 37
17 31
329 285
443 257
762 45
249 86
295 467
787 685
644 738
59 322
105 648
819 380
420 273
349 405
562 38
728 770
68 291
267 31
361 456
180 788
399 554
101 310
29 569
875 723
713 140
947 945
443 431
159 315
988 897
862 894
333 116
172 182
637 422
983 158
863 932
828 937
133 813
962 407
194 781
910 623
252 251
859 5
452 469
806 524
459 435
811 166
780 276
824 347
787 337
327 376
916 427
872 39
420 701
982 917
494 266
632 615
817 47
161 271
803 936
312 909
260 85
299 761
356 510
468 784
882 802
523 370
28 72
199 885
887 495
406 284
937 152
792 693
868 480
373 782
140 481
553 328
88 338
248 600
193 297
526 21
629 366
810 456
27 942
600 220
654 377
467 17
380 959
622 557
878 923
10 727
652 362
546 997
356 897
840 538
311 159
331 709
396 447
386 357
494 951
656 824
931 899
89 804
951 476
223 933
663 328
166 864
461 880
466 198
34 258
487 732
879 686
681 633
810 927
595 223
671 82
191 859
505 901
604 407
182 37
864 204
976 534
404 103
613 463
831 408
438 987
444 864
284 973
581 865
837 759
586 521
772 842
699 250
979 602
234 495
238 495
441 79
850 789
579 465
262 943
754 693
162 924
56 882
312 220
593 61
759 712
491 200
802 451
548 675
111 325
261 126
669 145
964 563
142 787
904 286
173 903
488 10
542 272
301 642
328 539
891 15
821 872
314 748
350 176
670 519
530 234
930 688
237 290
277 891
98 168
173 343
19 512
929 733
886 32
669 582
250 206
490 721
648 351
779 951
709 698
122 260
87 363
14 692
218 787
165 776
793 759
574 428
740 956
357 528
288 717
667 890
365 817
940 529
546 888
32 706
80 858
998 710
67 532
672 914
983 514
244 156
1 166
475 363
383 674
840 406
921 117
262 335
300 150
319 394
641 603
508 465
883 263
543 123
619 257
569 532
417 263
71 918
385 289
525 557
964 83
824 582
200 224
897 142
293 781
475 934
3 799
671 340
840 331
396 886
608 348
66 264
873 168
342 421
825 973
514 129
891 159
526 631
29 37
5 69
678 658
163 675
475 757
77 793
208 968
940 409
997 344
104 137
338 56
221 846
916 722
241 16
591 848
425 345
65 226
128 929
32 469
195 611
952 38
860 887
167 505
61 854
740 629
69 699
920 445
787 212
762 493
274 385
616 258
606 381
645 303
687 739
778 896
174 777
105 940
863 231
905 515
718 885
274 562
672 353
451 674
24 912
53 315
68 441
107 469
988 378
89 29
272 317
571 307
609 228
867 700
211 320
309 762
512 899
253 197
936 995
422 850
828 305
878 656
353 663
452 77
716 818
332 555
833 970
461 905
79 494
637 272
792 294
860 241
772 883
801 469
388 369
315 716
7 146
998 323
233 971
778 569
841 644
219 104
29 715
759 914
435 83
500 631
327 518
848 311
725 927
530 735
416 323
180 484
18 395
146 724
777 846
236 43
264 791
781 814
947 570
180 395
237 166
762 519
445 825
800 808
18 173
347 539
575 403
635 236
467 590
53 51
622 986
740 417
388 478
652 771
190 838
283 160
515 525
511 782
517 423
277 834
938 908
558 685
562 528
264 339
671 189
766 816
23 28
379 507
464 906
545 919
383 81
991 278
903 688
227 701
221 391
580 850
986 362
489 306
591 490
6 716
814 215
780 483
69 100
896 672
932 38
291 182
738 373
656 708
246 841
136 937
600 334
287 61
552 465
903 372
262 388
358 477
909 931
16 798
179 762
140 304
77 443
454 522
324 703
954 175
993 899
941 483
615 268
482 173
413 778
694 165
534 274
370 361
337 112
618 387
655 570
381 359
897 246
208 227
271 959
23 101
380 33
453 827
828 793
323 154
392 377
217 643
432 618
995 469
958 811
88 599
858 71
859 290
644 478
77 801
479 221
446 494
394 525
325 743
806 382
458 472
222 369
472 212
697 285
929 75
276 664
406 731
28 73
986 396
506 63
624 758
770 694
184 311
706 452
530 22
948 313
115 946
437 828
61 96
335 321
374 489
981 191
88 2
783 489
363 120
182 732
899 228
808 905
524 719
428 540
462 256
490 269
715 380
398 568
24 857
717 199
945 503
781 73
620 183
508 889
719 269
339 209
857 524
501 225
594 937
791 257
315 72
317 666
250 623
666 93
7 423
524 19
806 482
590 820
663 696
296 538
780 884
529 572
489 15
966 523
271 579
736 24
573 683
353 584
101 186
121 724
975 83
270 649
254 920
936 729
333 23
280 93
765 116
533 126
609 744
276 137
388 963
815 868
206 377
67 149
929 82
233 701
289 243
665 584
540 588
958 199
261 125
998 708
322 125
189 314
294 255
578 426
482 375
658 262
17 666
470 284
109 52
994 666
749 100
507 793
346 649
152 962
62 325
473 778
863 125
978 793
5 683
246 17
88 111
506 194
70 835
542 282
544 590
445 293
317 875
933 886
106 910
987 779
71 444
348 839
903 521
657 423
272 67
880 808
404 960
741 889
10 603
818 242
343 717
883 488
638 322
209 648
917 383
353 650
210 21
690 267
379 758
715 932
21 27
168 545
759 875
813 79
63 944
478 941
542 806
12 156
608 238
334 177
439 514
522 306
7 830
121 814
86 733
379 325
551 957
932 897
487 598
599 767
332 885
498 77
461 343
579 460
462 720
497 774
553 809
26 939
579 93
172 925
85 396
656 978
20 281
242 217
775 475
467 708
506 290
782 501
555 117
973 478
749 183
791 566
313 499
332 313
773 852
647 946
653 561
344 471
36 565
271 430
761 522
635 33
49 902
247 831
752 323
620 89
882 762
403 591
852 806
840 998
565 455
469 466
491 390
455 739
500 387
123 595
550 500
75 980
406 92
836 641
636 659
430 86
455 513
482 929
512 870
382 222
511 318
370 702
460 1000
944 753
887 947
816 496
564 406
712 621
69 16
989 95
607 150
439 162
372 71
763 894
282 128
840 305
441 65
846 363
137 961
10 337
873 335
818 504
175 853
253 181
719 904
780 828
608 27
96 367
974 126
225 589
430 137
836 123
729 973
437 208
845 243
936 657
186 336
974 489
584 99
993 348
769 471
256 142
136 568
441 902
707 127
379 222
623 51
271 974
195 288
787 420
155 734
268 983
587 755
15 122
110 64
344 260
199 126
259 317
705 797
852 612
549 644
970 427
823 522
290 809
505 333
494 569
627 445
227 478
359 718
766 817
216 109
294 880
942 700
704 24
89 274
456 523
317 802
355 499
448 191
197 106
292 480
40 89
258 176
852 24
67 800
533 707
218 968
577 263
979 151
988 351
938 230
69 19
58 660
500 97
373 285
305 85
97 491
685 170
961 642
106 11
936 960
242 635
6 894
775 674
323 774
732 122
698 198
935 567
812 194
618 113
506 823
747 415
875 610
180 564
966 959
509 928
629 927
931 293
437 52
753 77
940 173
941 644
525 965
12 664
846 771
941 533
753 393
474 218
886 751
977 193
49 627
707 488
928 267
621 658
643 880
852 666
952 112
825 230
330 652
645 51
60 629
960 523
263 860
144 568
937 269
531 210
269 368
877 219
146 253
844 484
791 751
630 317
833 93
395 678
523 799
967 494
696 96
734 271
465 798
706 372
249 135
486 756
622 593
643 349
554 800
349 164
577 449
942 960
173 502
246 212
247 517
602 564
641 940
244 829
856 641
580 695
746 603
607 330
298 324
650 773
173 152
379 911
533 584
957 760
376 774
903 347
112 747
927 81
162 333
37 667
385 170
971 925
561 17
926 283
943 667
345 862
978 2
455 414
480 711
872 513
33 329
610 798
189 838
101 10
432 809
94 861
403 152
722 326
741 506
727 187
105 344
142 759
346 82
788 45
683 433
650 10
215 884
143 203
298 96
52 151
270 202
91 955
989 926
970 293
360 537
431 317
234 929
616 153
730 479
817 870
735 144
402 228
4 48
591 924
540 898
65 38
429 573
156 923
269 148
142 162
346 569
644 96
855 648
15 694
919 175
614 781
207 361
423 406
400 235
383 104
420 230
79 803
672 327
144 224
736 522
5 989
120 799
145 473
528 262
306 332
328 492
511 261
3 308
705 434
409 109
121 187
448 901
451 486
412 864
676 21
89 917
438 224
563 701
208 237
308 536
35 116
515 318
662 763
442 94
7 394
64 708
840 357
803 123
953 586
805 553
586 673
315 309
85 855
67 308
323 990
571 100
5 600
862 933
336 339
544 940
262 111
500 750
926 390
510 515
686 518
210 455
363 955
414 197
806 763
722 298
941 716
727 95
217 658
56 784
533 258
458 684
901 366
423 158
100 121
385 581
782 483
450 24
588 278
293 766
649 554
61 626
851 784
835 375
359 877
285 842
865 1000
972 4
706 248
155 354
104 282
640 278
163 705
237 482
940 290
294 107
62 151
445 245
302 614
18 105
443 540
939 499
635 32
653 641
47 150
430 266
697 709
829 448
575 684
173 540
249 206
503 577
218 723
702 347
474 790
482 860
528 580
74 50
460 779
120 716
322 804
561 521
878 849
383 413
455 512
495 567
351 691
689 928
893 576
895 54
625 534
776 528
80 909
11 781
250 565
178 310
21 193
760 378
957 544
746 949
512 901
767 857
703 40
595 40
873 334
77 909
214 726
750 900
823 72
628 32
443 388
262 184
907 53
540 641
920 136
297 975
341 578
233 969
107 928
628 198
186 987
742 890
360 452
676 604
208 136
834 756
195 402
750 448
346 10
973 466
20 335
938 310
705 577
315 797
636 447
138 582
764 142
532 226
809 547
846 966
886 563
63 504
601 897
90 390
476 915
521 192
687 567
255 539
526 883
982 113
549 562
622 984
824 15
678 926
402 157
4 121
31 106
425 196
613 699
687 676
42 852
329 544
446 701
808 402
196 496
717 973
655 344
109 942
421 870
13 40
605 398
677 1
74 86
810 610
350 315
478 268
139 414
201 937
348 776
352 459
25 347
631 591
801 990
537 688
563 836
231 978
803 213
895 443
487 741
591 748
542 562
315 120
309 693
861 488
846 324
41 739
889 999
895 573
362 801
651 199
964 6
323 918
641 45
437 130
55 375
112 919
258 535
208 342
449 604
357 123
307 682
72 485
695 263
533 88
849 108
797 452
925 143
559 988
181 943
355 884
321 292
754 50
699 671
901 55
855 751
752 607
768 276
436 130
369 225
204 966
997 495
554 124
792 521
783 213
640 589
922 619
5 693
192 836
8 996
718 913
947 69
487 132
895 795
154 686
862 80
314 586
89 670
918 305
22 250
973 954
83 504
690 176
49 312
1000 872
639 151
550 652
918 416
991 554
79 108
709 485
177 220
880 863
166 788
741 980
926 638
283 1000
680 132
331 804
206 144
962 818
619 393
305 193
400 731
555 673
362 857
758 636
664 807
186 55
964 365
194 770
580 155
346 305
632 202
445 699
337 82
580 42
622 485
698 61
640 823
483 457
693 326
640 126
128 386
609 607
517 958
133 927
324 526
937 573
310 553
591 712
759 378
639 731
446 57
123 156
837 840
408 562
682 779
812 634
906 499
658 272
746 592
49 783
711 277
514 883
812 331
92 875
678 934
810 230
96 946
243 773
69 597
36 610
649 781
943 439
268 333
338 521
65 327
710 369
213 967
877 480
884 710
273 370
612 451
408 743
282 192
943 149
467 68
306 250
914 509
843 289
629 496
904 614
499 727
905 710
834 837
947 383
876 303
128 661
145 713
940 524
391 324
761 946
837 148
965 111
322 995
269 680
820 784
594 907
804 178
684 664
6 948
563 557
547 144
915 660
258 701
618 39
504 379
432 232
650 378
137 645
301 906
682 683
777 629
544 856
816 989
263 338
410 770
586 699
877 717
150 628
260 379
868 912
464 470
322 44
855 250
233 671
894 429
5 201
833 329
248 983
85 236
218 271
570 600
479 420
653 348
911 971
311 875
195 604
207 558
477 820
345 111
557 976
688 769
451 905
359 304
394 948
420 180
661 978
903 841
120 606
136 707
246 226
468 152
72 705
218 835
457 393
115 938
889 398
429 851
891 616
710 236
53 947
330 774
260 755
671 723
214 922
469 675
148 636
629 69
837 136
875 973
583 404
514 189
272 304
715 612
129 345
171 962
499 465
943 636
732 225
861 387
229 378
245 622
613 414
841 943
642 136
236 807
590 882
556 326
993 868
208 476
941 508
802 834
34 184
493 501
989 400
756 397
291 689
353 630
483 547
524 315
284 560
410 759
360 438
824 613
471 450
92 166
275 303
239 102
979 535
161 148
586 735
626 992
566 698
845 66
726 998
891 396
945 564
234 693
61 7
698 356
592 815
313 194
298 918
548 742
640 324
990 754
829 656
388 74
344 262
950 976
169 189
126 839
363 371
805 360
725 832
65 493
127 379
936 360
331 366
494 686
117 305
182 759
628 890
517 326
494 793
723 977
740 529
528 673
726 708
359 849
610 101
631 729
469 245
746 613
653 23
856 221
273 181
675 996
201 936
257 974
628 3
144 440
254 423
25 459
44 417
997 517
581 722
605 192
823 137
426 737
796 711
788 727
440 957
723 506
447 282
712 873
137 700
556 298
333 159
449 930
158 986
343 74
237 579
55 374
101 20
677 987
324 373
237 980
721 911
4 552
401 609
698 393
627 485
850 700
246 989
232 123
2 244
582 783
363 787
164 960
200 537
534 994
21 533
761 900
815 800
11 457
527 287
640 433
915 249
104 196
604 529
787 51
38 203
942 909
635 141
213 95
74 695
312 768
385 624
445 60
304 944
431 726
937 156
294 771
173 722
246 8
447 908
956 799
739 409
745 980
212 511
876 38
516 215
848 527
871 285
28 409
841 346
872 57
933 394
502 499
231 19
823 463
575 849
763 730
629 114
738 276
956 323
499 280
120 995
768 585
418 846
454 744
239 474
693 641
340 607
410 750
399 522
1 207
183 227
242 669
349 663
559 516
581 988
675 27
768 663
287 833
991 962
591 151
817 254
565 616
451 72
750 556
767 630
372 860
309 426
517 757
594 488
189 836
444 979
216 862
214 505
56 903
38 555
445 555
121 827
290 312
110 169
703 956
831 203
238 205
20 256
885 938
155 747
105 632
623 218
955 788
207 823
1000 491
798 674
892 201
51 475
877 923
143 491
989 128
848 175
818 587
835 443
485 766
553 654
256 692
526 219
639 630
126 671
616 441
999 622
490 838
838 296
820 291
531 304
165 978
882 548
725 234
139 763
428 778
287 451
681 12
990 651
980 24
650 787
250 317
857 851
371 991
182 558
313 539
405 261
443 958
67 663
889 98
878 374
838 101
607 424
296 844
405 374
762 323
193 708
815 356
646 754
128 517
112 532
570 354
909 919
767 167
783 898
755 679
215 353
537 829
133 574
758 601
559 536
29 765
447 338
15 574
129 67
335 553
124 300
396 995
471 57
6 102
523 72
392 470
279 950
357 434
255 374
177 532
507 269
238 399
973 104
793 450
86 382
392 421
564 571
509 584
185 114
646 33
26 899
742 958
255 985
226 561
479 129
191 285
907 548
352 407
790 943
864 647
80 150
356 291
801 170
225 148
19 213
60 575
612 252
194 929
781 458
31 767
30 966
297 181
890 220
674 749
588 811
523 976
433 262
218 832
457 392
297 343
376 312
545 745
784 879
487 92
595 351
580 649
357 409
268 39
733 437
894 476
496 576
45 915
671 867
339 138
839 553
236 514
426 778
957 574
836 817
585 119
987 423
167 529
182 51
524 214
194 657
193 962
413 945
395 394
56 754
879 738
382 270
7 121
836 215
450 163
256 99
440 640
846 8
868 704
34 40
992 300
306 757
998 402
815 936
68 799
572 312
474 82
938 421
538 539
683 213
355 717
726 460
949 35
369 409
191 160
393 121
380 255
492 481
311 959
313 306
599 148
917 165
313 419
954 636
795 995
722 705
189 361
359 992
216 338
632 814
523 641
653 594
122 132
966 92
493 747
164 964
703 392
669 744
448 404
946 431
565 439
553 343
365 433
900 460
886 253
559 504
672 419
340 17
74 453
244 949
429 805
212 75
965 883
435 428
862 5
60 7
813 703
46 214
448 801
204 482
439 509
929 485
199 863
207 65
779 576
837 218
269 670
879 947
419 113
904 243
261 798
281 112
282 475
323 749
34 392
2 938
828 354
480 464
852 360
603 546
306 628
677 753
951 100
846 330
336 767
523 437
233 137
125 427
987 304
552 755
737 297
149 139
775 971
372 324
751 312
879 375
24 475
347 554
617 956
251 746
789 575
570 106
772 994
185 200
663 999
210 397
393 955
472 547
289 122
459 438
884 509
355 745
281 718
216 609
604 972
661 371
801 201
242 141
674 254
569 12
13 597
60 641
801 225
824 190
643 642
909 757
276 565
540 778
694 519
398 192
4 95
556 540
688 748
411 119
236 224
200 982
221 596
921 774
373 777
86 422
635 347
778 691
966 161
201 873
164 379
790 403
183 817
499 588
624 39
515 920
679 661
131 899
424 151
779 543
28 521
981 413
583 313
817 36
23 774
597 749
698 532
456 407
889 167
943 582
379 881
452 995
804 152
1 349
936 784
629 173
847 26
551 751
689 200
144 406
439 788
554 39
225 424
153 443
768 872
896 349
552 751
861 379
229 414
617 783
218 618
158 55
320 97
823 803
538 689
744 390
162 157
132 549
635 620
708 240
67 8
308 230
663 888
693 245
126 178
60 822
925 2
682 777
596 855
99 409
137 180
234 940
631 972
441 526
902 909
551 539
599 461
35 846
622 918
491 368
255 747
352 986
830 227
490 568
930 717
697 686
274 297
705 75
174 758
288 373
164 264
93 510
576 984
221 346
571 973
350 358
3 792
304 522
909 35
767 499
45 631
249 898
69 151
876 297
895 31
663 389
57 768
374 538
430 792
857 620
107 381
434 743
130 172
922 176
372 111
206 317
396 303
37 555
547 146
950 253
861 302
997 830
689 69
488 770
361 20
396 525
146 952
382 354
111 928
812 133
907 411
23 64
641 107
609 671
422 612
349 924
524 480
896 71
347 231
20 199
829 823
342 741
794 938
267 998
768 1
200 451
76 366
596 917
483 372
375 162
433 927
87 366
713 651
200 594
932 867
781 985
425 307
703 32
337 751
736 513
274 216
937 424
848 253
958 118
707 306
835 265
30 51
198 443
553 600
288 652
493 885
574 934
818 620
48 836
695 930
19 325
97 549
344 840
231 862
952 777
238 554
250 246
810 506
814 482
40 450
784 721
491 11
308 963
738 8
153 902
122 293
269 1000
796 991
283 692
103 15
145 683
490 453
828 488
98 653
904 552
466 105
436 57
876 412
257 130
228 691
637 713
984 581
344 676
78 53
936 1000
702 927
477 408
978 95
284 408
84 558
33 532
196 32
953 619
295 428
776 960
104 671
637 299
607 835
703 640
229 9
357 68
316 524
324 275
703 96
661 124
21 285
870 258
864 654
108 861
609 532
495 315
650 126
678 781
800 591
138 170
363 662
565 833
68 687
824 325
74 812
57 90
630 873
691 919
87 370
570 792
865 920
632 593
675 312
833 340
260 127
777 83
227 228
997 456
949 741
543 956
88 670
415 797
331 649
750 144
647 914
544 401
504 718
545 840
621 93
311 717
522 584
826 962
218 690
554 840
294 711
706 16
662 239
545 539
291 863
308 935
866 985
227 561
980 81
624 139
438 909
770 386
577 283
540 393
12 114
213 735
877 766
40 379
851 85
210 951
747 228
287 73
344 529
349 256
940 869
957 577
11 955
768 542
253 228
951 103
525 696
300 91
963 429
728 550
68 207
589 475
699 103
426 513
922 394
780 988
111 984
984 225
824 515
369 346
557 287
997 40
626 770
608 281
385 526
258 589
9 362
379 254
760 909
368 621
111 303
740 157
850 589
730 502
227 486
527 281
582 924
881 289
134 429
13 564
454 222
969 838
50 449
604 531
669 858
425 950
977 641
27 134
446 604
435 237
329 338
113 507
938 764
60 222
526 31
322 585
508 912
792 857
334 524
616 637
67 883
13 73
70 122
454 485
791 62
188 209
705 313
905 687
671 516
72 618
631 844
370 883
336 815
391 349
606 890
202 356
798 199
326 121
28 808
486 52
491 910
627 76
405 50
727 627
304 171
529 934
64 845
901 946
854 882
968 17
881 816
608 104
189 977
299 25
119 656
466 994
927 883
732 457
932 539
21 484
979 608
873 37
46 905
395 944
369 326
629 736
483 458
29 938
656 604
199 510
751 61
826 356
152 267
523 268
82 564
606 64
826 471
241 157
938 269
437 443
761 934
797 86
526 524
824 236
237 105
428 629
209 456
919 125
946 643
798 672
51 477
99 692
955 903
481 584
320 458
13 937
179 385
40 985
169 251
69 594
195 939
809 939
244 712
151 172
355 337
507 634
532 729
790 461
245 162
529 437
507 747
27 896
245 446
122 270
838 456
532 831
24 954
800 511
145 718
565 965
685 460
410 218
432 318
175 606
509 288
14 995
376 107
463 551
415 220
478 587
534 2
681 718
976 714
477 435
478 884
838 134
124 333
391 103
413 939
819 600
918 796
223 321
660 863
395 497
56 583
241 637
96 344
542 811
390 52
693 389
862 824
703 764
871 570
425 381
488 33
507 271
949 860
592 695
539 976
635 523
945 525
399 44
697 422
673 155
750 411
459 206
901 507
191 287
659 735
487 381
950 600
330 625
458 394
427 509
1000 457
337 778
81 931
697 495
271 260
256 739
481 596
333 971
320 470
709 836
659 977
714 554
307 208
458 364
576 519
481 709
687 893
374 8
378 71
715 76
365 459
166 260
334 938
481 310
961 204
100 520
670 756
140 423
160 365
307 494
865 424
493 925
923 8
84 4
281 175
429 848
41 347
145 255
600 201
870 884
905 880
559 451
158 688
250 561
527 713
732 845
558 49
945 28
662 250
975 329
325 306
903 159
962 889
328 121
590 881
572 708
618 6
340 768
806 825
932 716
20 902
299 185
872 645
893 113
94 910
730 709
974 46
794 540
377 281
764 770
391 766
565 735
640 138
750 341
427 170
507 408
937 745
366 461
264 797
337 697
302 821
588 977
547 602
808 858
237 160
293 670
795 628
707 384
781 697
104 235
333 717
397 688
569 103
284 102
178 545
932 742
226 14
290 947
722 846
14 58
255 674
660 616
790 683
97 576
740 318
946 279
636 895
784 528
469 256
607 46
535 733
390 884
282 869
374 391
742 149
451 870
487 156
550 442
994 16
175 323
268 487
198 96
454 510
202 111
809 157
828 175
463 68
447 835
951 723
205 909
117 193
505 295
107 439
89 928
201 62
863 931
573 334
689 849
893 721
548 28
484 77
625 647
872 948
317 737
125 312
127 670
926 256
524 244
157 509
750 932
567 54
419 318
849 309
613 468
758 647
60 67
860 282
270 695
729 305
206 965
584 53
803 277
586 623
713 610
370 242
371 823
489 704
733 637
341 836
91 805
932 853
301 258
612 449
284 734
651 647
801 118
506 756
513 698
623 195
172 753
929 938
180 228
493 939
956 581
276 567
830 122
388 41
14 103
198 384
324 859
885 783
198 922
612 182
613 731
407 140
429 724
322 420
846 844
193 177
839 30
217 315
700 672
705 30
373 952
66 976
875 330
577 452
905 605
692 947
145 336
218 774
666 274
61 348
177 795
118 791
301 333
800 468
196 677
378 704
403 573
282 442
991 110
280 632
723 204
487 503
714 393
993 86
991 935
760 327
723 189
620 851
509 140
35 222
186 209
650 608
334 457
875 807
189 772
624 485
127 690
954 218
850 91
153 441
359 215
34 140
767 994
829 578
45 268
345 722
879 405
607 922
612 217
190 490
30 115
859 969
399 346
113 751
404 332
855 125
379 300
219 455
147 162
774 13
423 241
794 967
579 138
53 84
181 911
608 405
882 12
204 480
816 738
178 647
217 859
949 394
517 182
830 391
276 740
263 814
234 938
643 736
237 505
790 881
630 624
243 664
65 136
843 769
960 526
821 881
914 53
825 374
42 136
853 64
215 403
123 367
530 229
661 841
832 453
62 478
784 600
13 138
164 266
713 377
156 694
161 872
606 170
663 161
829 153
939 825
541 517
400 127
933 427
383 484
81 702
26 201
376 398
672 715
946 38
344 940
110 835
532 943
292 180
444 479
118 738
230 488
33 812
953 883
625 766
282 273
836 984
675 474
549 509
239 507
811 650
315 475
454 854
290 151
571 10
93 834
993 860
388 760
996 533
564 881
37 860
799 10
928 774
42 615
133 588
871 932
989 383
846 162
261 296
46 938
807 269
684 486
632 345
171 55
247 320
160 964
108 906
978 330
388 828
564 437
394 493
432 552
768 178
592 982
848 96
886 552
632 567
443 148
947 596
712 463
901 11
243 711
246 314
860 846
80 280
544 375
247 132
360 568
179 412
770 713
553 751
459 956
299 599
568 492
607 53
402 340
166 261
813 950
265 580
714 781
412 749
905 516
999 796
568 714
71 265
808 217
187 624
535 414
738 864
282 32
305 833
123 966
841 279
400 91
26 318
22 166
225 42
575 798
368 241
876 271
453 234
145 681
22 17
361 331
285 370
370 820
399 681
1 362
386 292
463 310
214 888
880 552
917 413
663 649
388 985
992 249
78 10
6 807
431 862
859 787
836 859
695 137
689 496
432 871
548 445
897 227
115 432
775 134
671 305
341 574
267 951
416 491
567 352
271 935
916 40
773 481
59 585
7 937
265 218
410 917
800 408
458 717
898 894
829 970
858 106
159 643
143 14
536 234
310 533
332 117
82 908
623 287
419 959
938 85
498 988
154 32
963 698
91 535
763 25
985 7
815 207
275 117
469 271
239 921
776 245
218 5
524 595
156 847
786 466
313 860
706 669
65 259
252 855
884 576
294 596
364 692
93 35
922 45
218 978
741 810
44 526
391 379
563 986
267 297
281 841
770 128
469 703
666 465
612 402
776 561
651 399
504 106
547 334
549 292
476 16
975 768
851 196
11 957
177 405
654 673
180 923
63 474
642 872
970 557
136 218
280 985
449 934
430 675
767 606
309 338
203 755
24 478
816 10
711 859
274 832
293 974
480 935
910 631
603 483
589 140
293 607
296 709
264 683
553 559
488 520
626 147
219 363
294 379
305 780
355 891
198 743
694 760
645 263
5 13
282 642
742 724
925 428
673 51
749 232
431 404
270 18
74 691
119 14
772 432
866 439
385 968
317 13
725 496
788 546
910 34
325 514
472 74
17 465
437 773
79 676
582 778
213 814
951 528
808 258
148 867
919 246
855 913
705 142
628 398
304 956
291 893
114 884
925 818
969 482
571 402
758 804
727 815
306 309
749 991
453 307
103 364
936 787
521 907
410 486
709 2
983 999
537 433
846 421
349 659
6 860
319 495
176 119
638 11
474 324
901 961
719 846
333 191
524 360
965 458
384 19
684 102
246 787
957 183
711 831
68 963
931 455
733 559
147 308
609 737
594 375
833 725
831 358
961 60
546 242
103 763
41 448
937 663
259 959
958 895
805 472
546 504
946 863
945 624
380 179
471 740
54 436
312 83
315 856
377 947
506 265
15 11
332 900
754 83
973 307
756 901
99 410
247 50
969 959
927 880
518 289
132 100
706 1
429 678
434 380
338 736
156 913
393 481
128 102
75 195
191 697
892 538
144 824
862 166
75 848
567 484
22 953
313 811
974 437
230 572
800 275
729 243
288 487
930 938
127 140
827 586
61 270
836 660
628 534
283 685
843 437
2 355
59 130
795 310
796 613
68 476
72 791
844 857
295 679
362 64
96 124
890 774
279 639
764 683
175 702
277 598
851 365
154 967
138 448
746 125
674 270
875 659
967 187
663 586
378 824
387 855
67 459
711 914
513 899
208 275
817 367
445 587
780 708
897 416
259 923
596 912
171 71
246 537
963 931
108 538
18 302
660 897
203 886
276 906
481 904
189 439
104 241
342 439
929 992
806 302
865 994
384 571
406 952
463 697
403 884
208 927
863 440
132 88
269 289
867 10
958 343
523 758
291 582
113 304
961 194
446 538
417 716
820 259
127 211
260 986
601 404
965 667
88 193
164 190
737 724
793 554
331 423
443 865
889 401
652 347
454 291
980 204
272 174
799 405
837 226
106 892
241 979
628 665
705 697
26 93
448 999
861 109
865 106
466 247
818 352
183 182
955 89
717 765
915 695
771 571
79 502
617 827
979 828
963 323
525 760
876 716
181 258
627 238
850 947
851 502
130 376
365 971
270 584
987 246
997 49
61 732
731 205
362 632
996 255
389 471
816 845
856 810
90 110
897 396
458 714
521 488
46 478
988 198
503 78
929 19
677 661
859 222
772 703
39 488
265 443
194 115
124 240
223 919
455 120
739 821
137 241
714 765
531 33
949 370
753 81
899 581
810 40
902 584
449 208
450 651
397 400
736 908
448 548
539 363
227 455
691 340
786 64
1 792
623 621
184 402
539 280
335 373
784 673
639 411
948 476
571 683
239 777
826 944
352 739
193 501
639 360
425 650
762 165
679 834
168 164
667 154
553 653
491 790
382 861
774 697
41 971
323 721
442 852
491 935
185 528
150 342
816 350
653 325
305 223
180 797
956 410
978 62
851 180
779 435
376 788
528 241
177 485
223 770
236 768
348 330
884 180
210 359
584 168
547 60
189 827
372 503
923 993
48 485
58 97
181 151
219 76
627 123
756 285
812 479
46 733
229 187
360 38
732 262
533 467
312 201
366 124
60 959
725 955
997 166
836 356
565 930
432 610
713 759
329 906
860 610
590 271
721 172
688 307
375 103
195 261
618 2
826 417
631 342
208 904
651 534
212 576
394 565
398 85
192 700
75 73
42 146
374 199
636 814
319 578
269 226
416 803
491 281
588 905
313 669
832 507
260 892
249 287
178 805
516 37
407 108
464 878
50 491
161 834
257 515
421 272
891 678
152 122
912 353
288 587
524 854
174 43
302 92
842 113
735 654
495 629
662 330
779 608
282 392
945 376
163 391
438 799
41 551
387 719
874 177
513 397
70 426
435 731
789 296
223 940
876 925
832 837
780 157
981 378
632 602
702 858
315 302
746 6
128 203
919 25
926 429
601 449
250 273
461 218
320 914
210 474
449 562
871 531
859 971
181 235
845 180
17 144
709 677
172 802
873 187
933 721
471 374
864 914
330 546
497 159
172 945
601 545
764 187
121 943
485 438
803 529
424 910
117 783
208 997
405 725
526 531
824 239
772 375
480 896
631 314
703 153
373 550
217 744
960 622
959 880
943 351
105 669
571 900
840 534
545 567
892 420
87 650
347 889
173 561
669 684
502 135
675 819
123 734
131 873
937 12
956 824
870 658
13 25
16 259
990 11
408 749
482 802
714 201
418 538
133 531
826 472
819 270
322 842
239 551
594 901
396 387
822 669
418 879
491 623
205 693
429 15
401 992
976 604
461 924
793 171
724 597
284 554
714 968
181 350
609 659
833 775
775 156
618 451
674 465
587 784
509 722
136 280
623 366
708 208
780 709
68 695
713 574
255 887
526 636
229 836
216 605
308 117
971 415
977 770
315 871
44 244
80 382
400 853
180 47
902 978
30 553
967 248
34 564
494 442
721 406
265 284
643 748
545 160
146 173
501 279
781 453
88 932
730 287
472 3
532 521
457 337
424 422
188 455
761 387
999 905
781 342
857 912
255 489
847 757
244 606
814 486
890 72
768 736
231 368
657 89
87 908
705 373
173 311
780 353
162 968
473 697
457 28
758 512
296 926
280 515
387 361
761 78
357 571
155 509
439 5
290 153
67 618
818 142
624 321
914 765
537 334
790 40
270 956
966 681
611 682
651 323
500 811
525 358
894 95
737 256
206 125
618 5
431 856
984 871
234 266
520 857
370 378
834 557
582 635
840 102
774 169
859 51
259 873
846 815
48 728
176 493
124 19
626 877
829 968
612 296
918 408
431 668
384 617
905 25
32 411
413 274
74 522
312 469
147 954
761 716
557 763
372 967
911 900
255 734
152 915
961 387
669 882
212 259
433 746
169 48
922 542
460 497
136 391
250 976
156 986
395 690
714 988
627 873
196 942
178 145
966 190
182 713
329 267
718 815
921 591
66 634
503 723
749 727
880 138
573 105
615 754
857 654
841 305
469 720
729 149
157 807
55 136
941 167
67 582
968 283
418 250
608 866
240 614
704 309
23 991
580 392
852 373
345 985
822 325
729 211
901 858
519 287
745 344
907 249
751 253
567 51
769 248
662 365
332 576
444 854
859 881
418 121
438 380
295 221
8 997
285 455
574 599
464 118
797 300
779 225
266 436
394 321
512 420
821 422
26 984
91 137
940 308
856 245
821 471
234 659
553 873
533 323
117 810
595 758
195 260
17 548
769 725
254 268
561 651
69 856
344 377
843 865
147 982
331 85
616 165
610 991
97 752
994 382
669 854
406 859
907 833
655 487
145 154
703 427
773 697
249 143
455 941
486 748
495 662
814 286
362 149
732 611
457 75
993 393
645 512
169 351
922 903
391 456
356 907
692 557
201 223
387 718
779 752
211 402
784 74
453 305
990 622
646 608
386 490
6 963
432 736
266 872
713 197
651 717
823 24
382 504
241 708
628 496
870 29
654 818
694 239
346 393
557 613
680 425
555 567
314 66
833 905
333 132
348 478
404 472
944 253
803 306
772 963
534 172
446 198
29 934
487 818
215 927
143 162
699 978
557 400
897 778
302 769
964 406
53 81
418 494
94 615
289 379
513 570
733 105
670 339
29 377
748 631
758 995
449 238
167 583
327 5
938 954
460 426
852 932
853 77
765 913
189 353
982 658
911 658
822 332
114 948
374 450
767 361
37 146
993 292
424 233
779 929
486 795
35 433
917 563
994 343
22 153
151 511
818 24
356 943
878 812
75 513
666 484
23 801
383 513
379 931
654 637
966 714
779 284
581 152
451 383
894 209
897 841
970 641
32 126
866 622
387 955
91 309
145 893
426 562
689 120
820 742
983 890
107 559
695 921
555 531
935 564
922 462
634 980
584 225
233 981
385 424
974 410
570 297
122 413
980 815
17 817
533 409
534 578
9 341
893 331
915 857
682 948
995 391
498 213
243 3
488 451
660 899
276 916
226 715
636 2
345 748
750 14
881 493
293 375
350 888
62 12
134 617
941 887
912 863
569 184
692 389
294 99
226 813
632 792
890 260
838 620
216 235
236 150
653 697
835 554
395 649
624 823
662 585
517 474
226 15
725 39
1000 634
239 55
779 892
635 262
965 665
88 195
622 512
97 139
888 618
670 922
550 380
611 157
187 358
410 139
395 853
474 443
370 695
791 211
923 475
102 198
709 422
418 769
755 536
37 633
903 266
7 337
335 836
616 998
410 429
784 146
750 797
215 259
866 24
479 670
443 412
281 297
854 958
105 109
267 202
181 256
239 254
77 239
722 228
708 23
163 922
663 985
764 798
507 303
788 8
220 584
258 813
9 369
485 380
125 734
569 337
925 844
983 322
588 840
271 70
294 173
80 217
557 617
744 112
821 148
811 482
207 757
714 763
626 479
700 954
403 660
958 486
928 53
431 98
53 476
271 405
740 314
744 701
31 729
213 166
627 872
39 558
761 414
66 968
361 1000
16 317
538 380
588 837
348 462
891 668
677 9
571 538
199 693
916 337
671 559
240 722
175 316
287 278
704 104
889 28
139 487
880 840
415 114
642 466
145 650
2 53
130 254
573 330
629 211
508 444
310 110
718 283
59 938
960 208
46 660
959 376
626 714
366 945
2 710
976 549
647 250
775 961
854 986
842 622
718 53
99 935
775 86
246 778
686 471
545 433
124 338
824 520
796 683
849 725
670 270
834 673
444 949
380 59
367 815
495 346
57 810
564 505
739 826
55 898
259 981
787 459
346 921
476 984
534 852
248 935
771 895
617 482
380 392
809 656
351 25
43 856
331 37
556 538
504 751
66 778
412 290
972 298
160 314
245 201
905 496
869 783
931 624
930 901
914 382
630 212
243 832
633 993
465 567
304 499
925 783
748 502
568 628
842 127
58 718
280 636
61 457
852 436
448 946
850 836
137 806
780 8
586 203
272 383
609 58
594 814
561 447
46 321
806 923
810 898
673 694
972 283
896 339
611 429
789 8
400 480
262 120
727 364
547 986
508 166
509 859
257 280
495 408
725 891
29 820
945 651
676 525
56 910
932 919
785 691
7 861
66 315
509 701
206 711
673 242
368 654
898 805
4 884
336 172
66 477
891 198
547 534
971 322
204 240
624 558
472 779
34 558
181 685
520 377
955 922
812 513
464 671
98 91
625 84
204 849
193 224
737 400
880 358
75 196
900 499
518 582
905 387
50 314
50 470
74 436
502 305
465 881
549 933
827 591
644 911
528 635
559 124
526 367
127 30
854 845
465 531
874 497
361 706
490 486
680 74
165 654
673 907
244 137
596 102
799 323
106 150
144 391
275 863
187 59
885 128
582 224
720 821
776 859
300 137
984 542
751 408
328 66
663 726
278 688
301 881
360 307
488 776
90 964
879 324
236 842
440 747
42 611
978 151
59 528
449 611
211 636
286 110
767 531
517 722
112 983
993 562
319 226
256 188
222 891
189 722
564 563
445 584
370 32
92 713
638 663
986 476
264 870
63 126
123 195
227 515
91 865
328 621
613 940
134 479
356 347
536 769
151 632
636 114
584 525
179 371
531 6
143 468
34 779
274 101
232 988
728 472
449 201
47 275
182 961
878 290
181 562
184 266
264 162
563 262
201 713
329 412
862 246
352 304
246 75
139 655
322 539
126 525
291 984
681 192
207 340
580 978
834 510
287 428
24 968
18 659
130 505
205 787
114 808
580 865
616 698
466 321
749 642
733 285
737 858
478 424
250 459
268 222
586 33
166 709
117 153
266 971
619 43
140 992
433 106
896 590
179 634
884 957
559 743
301 179
448 617
620 919
589 672
901 868
573 519
171 587
262 294
817 93
49 171
729 825
290 183
539 34
228 927
621 864
324 394
271 653
826 84
814 749
484 240
585 299
612 756
498 20
337 914
431 952
736 283
863 965
890 869
449 361
512 73
967 555
919 836
223 459
872 55
765 276
159 655
542 264
554 367
223 344
746 857
526 969
80 371
143 443
94 463
833 301
62 41
203 133
74 667
632 821
782 145
311 715
900 36
803 185
531 256
734 281
120 531
192 992
197 369
913 64
821 599
813 551
17 164
753 658
26 154
611 724
157 948
840 746
749 614
3 230
331 725
316 359
101 759
376 458
413 731
620 213
774 463
443 108
874 344
512 971
340 732
328 188
239 462
976 760
910 64
483 792
638 128
675 406
859 597
770 446
672 836
837 374
915 724
664 980
175 770
764 605
11 159
585 374
826 104
295 223
543 437
538 727
902 92
544 920
676 633
769 265
508 346
530 566
91 824
916 447
773 338
996 109
635 935
119 206
265 75
503 47
158 414
720 103
901 62
298 5
237 591
194 82
344 379
454 896
769 580
679 249
645 57
667 641
569 616
96 369
330 773
846 709
406 726
319 591
696 238
757 523
118 223
840 985
412 338
216 83
883 989
847 574
465 788
165 951
4 267
540 197
62 513
891 699
748 96
126 468
877 388
187 650
184 655
115 613
376 375
343 589
774 777
779 613
317 574
842 207
165 634
24 578
41 548
600 843
548 61
240 783
6 961
470 530
571 229
383 515
439 877
576 349
618 301
119 761
106 484
824 711
328 654
290 255
555 553
348 297
868 560
355 688
318 721
689 419
543 24
147 459
570 200
836 421
971 662
224 581
581 631
677 840
825 957
440 413
259 931
869 396
671 410
815 591
450 957
568 686
754 79
517 177
939 227
691 578
485 661
235 590
133 201
924 196
230 839
821 892
625 75
269 780
493 795
23 270
316 884
797 125
359 694
731 611
700 722
407 28
781 303
87 884
273 216
93 503
45 628
767 363
14 273
644 904
718 558
710 249
556 855
406 62
625 540
934 576
881 260
887 928
193 732
529 858
3 335
331 874
791 221
23 912
818 376
514 65
589 699
456 9
332 676
663 352
707 560
162 359
570 344
976 607
495 217
831 595
138 460
67 318
360 308
909 625
107 545
970 609
295 278
693 69
980 698
660 312
608 249
392 478
979 514
820 518
914 648
34 911
197 705
479 49
989 677
314 495
333 385
599 938
360 97
512 110
740 204
423 144
364 794
985 739
358 943
256 475
497 9
481 908
83 799
670 290
319 848
815 470
459 85
351 451
652 956
730 838
88 649
126 961
182 234
62 157
179 483
143 324
34 565
886 894
578 167
386 487
212 345
221 661
882 753
230 589
356 664
50 479
291 987
753 868
365 598
247 598
340 116
350 325
608 635
571 609
188 151
733 397
412 506
703 296
884 783
30 953
172 398
338 151
620 769
509 222
36 574
278 883
137 893
227 841
231 817
508 410
733 175
441 471
599 522
980 504
374 795
385 232
504 363
713 364
144 470
370 377
871 967
825 795
509 770
628 200
937 820
993 605
924 729
390 165
732 318
792 123
167 77
924 584
67 201
752 847
604 992
419 836
389 100
781 287
543 647
975 761
881 318
844 134
475 557
984 770
725 124
845 300
955 852
260 102
13 922
596 453
312 877
995 16
448 381
341 494
288 214
454 839
822 444
297 8
631 29
35 668
184 406
558 552
226 17
585 590
89 287
523 924
75 796
496 311
867 264
960 486
1000 999
967 285
491 236
787 587
535 441
500 484
905 692
620 71
692 596
987 844
714 12
862 412
496 533
371 419
233 454
417 671
201 32
794 534
24 615
121 377
784 97
115 736
253 780
220 123
353 862
357 430
70 477
383 622
232 424
267 155
984 983
145 827
901 1000
333 150
120 285
452 292
954 34
410 720
655 526
509 806
918 568
298 849
379 262
397 923
768 81
972 821
702 510
495 356
206 745
242 509
708 811
11 461
747 839
531 754
705 571
560 354
346 39
979 838
158 415
879 115
460 163
479 193
446 410
968 662
169 887
702 171
728 482
660 667
939 420
526 196
998 897
433 523
392 259
517 399
173 713
30 774
17 101
308 620
267 581
253 748
121 238
611 218
923 246
452 678
127 100
364 346
50 146
294 629
192 235
871 357
787 724
633 80
546 873
305 29
72 992
14 967
879 991
456 415
609 207
457 170
865 37
663 494
847 125
872 775
619 498
582 250
286 455
569 809
783 945
453 318
385 54
874 282
871 216
107 695
181 420
555 667
827 94
405 172
297 851
707 996
441 376
404 116
777 758
980 679
177 662
767 633
401 794
168 879
267 869
142 595
373 491
955 464
497 499
805 635
379 290
752 824
748 535
56 895
94 731
590 603
341 167
629 666
632 434
213 379
906 135
35 964
618 653
285 202
74 879
328 627
147 25
76 209
459 219
868 117
775 491
293 336
546 128
385 781
5 108
541 42
411 781
213 393
969 875
696 941
293 289
39 317
727 582
208 775
415 978
350 189
443 525
155 433
245 673
416 835
539 343
926 642
780 919
726 827
286 980
969 726
164 304
771 360
938 731
937 302
675 900
639 351
161 866
326 100
681 123
692 925
914 499
588 542
827 958
387 369
631 664
779 563
121 215
912 208
567 944
17 293
808 1
50 892
583 426
589 809
257 190
40 314
538 217
336 913
137 832
599 970
309 578
456 10
975 445
50 606
1 34
348 159
388 742
558 510
172 77
30 183
824 740
989 386
619 630
497 972
119 589
245 946
632 43
659 530
162 70
971 804
789 44
48 417
238 250
402 744
459 409
884 398
159 454
40 821
394 260
740 721
733 703
892 479
441 999
812 306
975 870
320 656
51 608
56 138
521 320
479 136
91 398
363 611
532 320
739 796
977 740
189 291
190 964
816 531
969 775
401 211
40 557
863 423
970 346
74 407
994 293
316 793
563 264
467 415
382 526
753 906
628 802
972 364
229 52
153 620
902 643
942 684
209 856
566 828
53 743
592 423
187 669
278 308
896 947
456 618
454 405
19 664
425 657
245 48
960 433
535 5
575 772
64 494
876 32
469 681
426 864
580 513
248 234
728 820
639 38
457 866
3 426
921 179
7 338
64 652
619 442
175 744
289 553
76 887
441 470
3 840
484 412
581 10
34 351
524 350
338 435
988 947
366 779
635 718
686 446
693 482
898 598
827 356
132 598
501 913
431 954
953 190
259 877
43 194
540 629
355 756
765 417
717 62
117 74
646 250
975 890
119 228
218 215
844 135
544 715
962 214
798 848
447 753
179 288
170 932
646 292
26 693
557 759
959 807
543 932
895 677
87 616
270 56
679 164
576 715
421 655
192 708
264 241
631 480
433 750
35 782
127 412
952 190
290 829
667 341
649 226
722 984
688 372
504 581
286 925
566 144
434 144
4 130
960 328
615 520
905 473
834 337
602 693
507 571
308 568
957 405
355 511
684 913
525 36
61 305
636 715
505 447
838 11
16 478
862 413
794 582
178 382
586 67
514 279
222 911
304 296
917 330
441 385
577 573
465 379
305 210
513 469
509 82
756 213
331 898
524 243
704 137
158 945
825 596
577 863
67 505
915 583
292 654
833 850
392 520
928 714
466 905
95 572
920 30
85 630
727 171
258 780
150 774
893 368
492 431
879 205
935 111
976 100
239 441
422 17
596 836
479 192
187 82
544 727
742 718
420 321
327 396
204 217
811 451
406 613
959 859
763 74
801 361
623 430
256 674
223 92
27 225
908 811
670 533
765 905
970 499
423 671
905 356
490 859
642 510
341 370
787 904
277 730
259 35
207 409
409 466
579 746
631 183
201 784
386 930
999 802
875 208
382 800
218 769
193 69
259 193
199 555
935 686
89 20
657 327
141 366
434 760
788 927
320 550
662 944
166 771
182 971
504 396
708 649
215 486
987 585
715 550
21 153
519 750
477 423
633 177
314 4
81 791
794 367
770 307
96 180
243 7
334 242
266 114
399 306
699 776
827 319
833 830
360 311
425 93
955 467
354 650
542 209
863 10
287 814
461 311
423 259
456 234
892 493
15 17
220 849
243 752
971 876
501 540
782 301
398 58
570 587
818 577
427 923
200 876
421 76
722 785
339 719
533 8
658 41
165 119
331 339
815 983
830 891
578 240
35 580
623 672
735 954
331 288
596 284
625 164
669 600
729 245
349 156
279 177
467 81
953 922
454 313
448 126
387 368
149 314
218 916
718 517
75 517
889 217
793 995
791 312
595 427
139 177
358 7
698 928
366 530
629 136
580 460
873 350
672 799
309 754
72 297
298 613
430 626
248 201
769 36
241 629
901 559
168 701
522 340
512 322
894 262
452 381
517 735
76 385
955 398
498 495
279 968
730 642
180 359
487 805
128 458
38 589
475 805
727 429
284 709
911 280
513 985
678 573
660 24
807 155
648 608
591 512
133 278
655 871
998 669
86 59
603 207
18 187
716 422
981 966
714 707
643 709
346 719
131 505
368 607
406 557
958 462
743 844
725 449
947 891
30 957
19 332
666 913
151 859
389 962
503 420
235 842
753 905
682 391
995 980
192 903
246 78
654 225
288 426
516 2
614 805
887 755
925 978
88 199
145 384
992 557
370 977
496 668
615 709
249 52
892 794
72 603
624 152
698 755
59 370
61 618
529 245
630 433
827 842
774 727
461 712
675 366
396 373
686 827
497 14
63 741
395 55
276 274
257 880
101 574
231 640
552 257
548 824
21 66
225 189
512 703
950 636
916 209
869 224
262 982
923 904
927 960
513 948
641 255
609 251
983 489
56 824
954 721
556 893
904 486
171 153
669 186
542 440
449 287
161 387
860 523
40 748
195 9
591 661
668 502
407 386
542 459
856 590
15 73
886 958
833 290
852 762
445 188
268 603
927 409
471 904
937 284
848 865
655 4
412 474
550 208
769 799
921 816
922 539
425 65
126 733
240 64
517 314
334 910
321 769
840 783
330 81
442 631
125 682
136 746
526 443
89 654
108 222
666 262
743 308
301 353
834 216
559 578
515 55
793 697
351 667
54 981
127 928
384 450
535 153
818 250
524 910
118 557
533 936
92 392
438 164
139 249
6 840
839 660
988 114
496 836
906 685
444 764
253 108
115 140
647 246
691 794
375 569
929 501
340 812
487 911
492 891
368 809
292 655
186 406
175 799
565 147
882 694
910 975
512 266
65 29
627 65
665 348
133 798
190 321
466 798
632 71
590 230
171 116
725 581
63 34
601 719
46 852
968 954
203 935
856 955
678 73
927 730
329 797
378 618
360 857
126 908
713 987
860 670
252 898
666 823
294 92
774 294
703 240
448 300
692 71
108 382
470 381
237 414
130 632
16 153
243 821
963 556
18 933
610 843
256 850
32 777
255 479
817 175
299 153
544 148
131 124
154 391
674 832
672 328
984 458
287 353
752 102
218 782
558 804
174 45
347 968
737 903
499 372
727 804
230 452
784 758
677 851
256 244
594 923
921 249
633 199
500 74
193 870
512 938
713 127
606 754
956 453
224 696
993 840
563 586
309 270
20 983
885 635
158 61
722 308
876 786
349 910
29 816
136 223
872 345
321 501
665 742
243 292
81 65
725 1000
561 895
467 984
470 221
273 301
915 832
254 612
833 607
372 759
410 980
323 301
237 207
384 679
646 195
479 150
725 714
427 379
734 920
169 960
811 401
857 371
878 411
352 869
186 849
481 583
325 606
877 33
143 365
477 691
705 976
541 330
339 718
946 410
981 714
829 463
243 958
669 678
947 60
456 993
807 536
131 203
403 942
481 402
317 780
726 680
785 58
714 864
914 350
164 129
352 673
429 867
880 813
749 666
71 434
477 119
1000 972
67 999
766 679
804 448
1 908
684 622
525 410
412 885
896 614
58 337
577 587
758 319
322 901
317 688
980 368
529 1000
81 993
933 541
263 19
443 68
664 992
96 226
243 117
885 430
251 590
185 285
698 167
343 406
988 937
719 182
128 519
944 15
764 896
512 323
931 283
950 21
256 1
457 640
24 29
580 114
33 465
397 693
487 804
536 504
703 884
996 194
959 478
47 752
817 497
621 555
363 839
824 435
842 900
402 889
935 417
337 852
820 807
786 915
130 879
437 273
422 463
782 415
345 242
844 236
592 93
133 153
584 561
658 360
345 99
772 480
791 580
367 694
611 614
999 673
217 89
400 407
643 597
626 263
437 932
403 748
635 63
180 768
752 369
787 850
791 810
577 122
243 922
653 773
156 867
654 230
792 686
124 531
537 788
916 805
443 777
210 532
464 812
574 488
761 231
926 881
835 988
418 568
326 209
603 621
541 658
875 40
849 661
666 453
922 107
950 862
106 246
220 146
883 466
990 410
370 515
232 544
569 871
89 877
236 900
81 973
232 591
949 628
316 780
148 213
44 102
119 674
67 287
180 550
219 200
916 210
537 227
581 810
124 331
824 625
478 1000
445 759
599 986
417 30
976 235
538 622
868 809
150 888
265 194
798 948
195 385
181 94
536 67
940 477
155 575
446 18
12 968
199 334
422 522
347 507
170 80
208 931
484 816
86 68
308 454
937 498
313 424
376 164
526 892
659 93
520 309
431 105
658 479
142 244
201 536
255 341
353 437
340 181
195 874
143 714
244 521
540 78
999 939
658 129
553 493
330 94
779 823
619 860
835 811
822 787
625 451
224 420
95 483
832 35
411 416
557 214
749 610
371 420
490 521
230 473
70 310
129 256
572 44
349 485
137 781
46 447
824 977
549 300
590 696
292 859
793 986
512 505
924 724
281 238
870 152
930 72
875 818
219 822
127 641
919 243
907 463
983 840
16 924
551 644
550 857
348 321
777 735
855 370
323 901
659 524
458 932
868 751
873 55
603 330
197 757
492 651
608 164
607 193
498 939
595 926
973 37
193 394
778 469
411 516
751 912
739 632
242 128
904 387
902 882
165 793
263 684
655 862
17 542
422 23
632 631
639 864
787 63
772 297
977 989
796 439
579 782
640 683
626 508
934 13
630 412
556 535
49 879
854 212
273 103
735 51
994 491
249 288
340 201
94 88
303 948
307 305
182 687
594 743
558 954
28 493
748 92
70 112
758 141
106 812
892 835
255 141
277 299
796 537
563 830
535 111
69 73
126 186
625 151
156 329
650 902
418 701
547 274
287 23
409 957
177 425
556 371
315 295
244 455
742 66
854 904
68 21
323 517
241 591
244 374
137 660
671 211
802 158
896 635
806 894
932 525
439 527
7 203
524 503
506 972
693 472
955 469
314 471
100 484
411 627
432 950
380 84
683 431
5 183
133 898
670 187
376 755
285 199
603 116
705 516
190 92
968 550
398 393
94 504
220 851
739 997
668 319
282 750
885 370
123 42
937 458
166 52
284 167
32 72
222 495
169 225
647 972
482 104
544 467
454 982
89 442
164 428
593 634
119 841
96 8
826 896
248 388
890 63
732 686
738 123
617 698
266 766
953 920
541 653
376 407
763 517
969 390
36 43
455 477
61 488
358 170
175 608
253 832
804 80
145 597
555 986
883 505
704 196
941 233
559 718
796 748
799 223
193 937
417 565
254 122
738 447
391 89
563 568
277 808
509 24
534 395
681 581
888 127
262 206
51 937
33 758
272 638
521 649
647 57
44 18
542 906
305 506
931 282
879 432
284 910
812 15
134 39
427 43
271 842
354 684
760 663
347 353
510 751
919 831
243 432
199 357
271 104
243 545
891 221
68 604
643 694
381 755
184 49
402 24
522 889
464 737
466 991
341 101
350 781
687 662
212 758
397 356
226 918
605 666
625 196
496 432
994 403
246 76
415 721
74 469
848 564
596 306
89 688
588 686
204 679
856 206
849 249
652 290
856 112
432 325
527 674
145 672
312 339
115 974
580 981
68 312
303 563
415 21
573 401
576 507
210 89
874 240
345 966
568 783
509 75
383 630
132 940
561 506
300 106
449 800
738 562
152 145
885 385
872 608
931 169
214 152
618 415
690 512
855 478
286 79
841 692
695 305
242 955
206 870
564 636
46 975
967 657
60 915
812 386
831 166
134 146
228 73
447 169
566 177
53 98
642 705
78 463
9 196
848 686
929 43
177 782
677 669
553 903
844 130
981 887
640 43
383 89
752 545
974 563
734 863
393 327
584 558
198 402
921 901
792 571
243 859
429 742
503 277
964 793
87 730
968 485
207 529
373 825
529 329
930 776
255 293
75 131
113 468
669 621
841 472
863 203
188 803
304 638
302 217
624 55
722 388
588 722
249 982
257 728
948 762
753 614
165 752
918 406
884 571
995 545
514 227
418 716
825 339
884 879
779 717
887 868
129 603
965 42
34 412
141 472
720 867
686 140
675 413
16 782
224 993
704 443
906 683
944 490
229 368
452 145
575 296
457 637
295 325
958 671
929 395
56 91
987 189
110 444
717 364
961 373
883 484
279 925
394 249
547 949
877 614
604 162
346 222
789 746
848 372
497 794
171 473
690 951
371 312
458 647
702 482
744 180
137 426
544 755
76 67
897 480
57 131
609 958
574 696
372 780
161 429
772 298
596 694
652 832
86 208
490 953
381 837
950 905
369 876
562 597
448 349
549 681
592 324
624 477
142 320
400 367
457 274
725 217
268 302
731 824
482 790
121 78
230 664
442 504
79 973
617 676
836 712
598 571
571 429
650 820
614 461
925 281
779 664
887 987
68 481
434 759
897 757
754 940
187 21
297 693
559 309
727 663
672 903
395 224
537 271
721 538
663 347
962 772
286 346
462 443
561 58
769 221
827 451
665 28
253 840
896 216
113 532
721 853
280 173
542 837
160 579
904 540
824 554
396 835
915 981
167 896
538 564
522 616
4 232
215 916
398 364
829 920
557 905
727 57
346 980
312 92
919 651
994 498
977 798
336 162
281 807
263 659
698 158
105 76
91 904
592 115
590 482
134 388
1000 472
194 435
782 304
235 807
479 438
653 573
526 821
620 344
826 687
204 847
558 650
830 239
557 845
299 613
874 807
820 385
881 181
633 564
616 422
857 956
734 464
87 883
603 279
870 767
615 589
562 644
143 946
221 430
938 598
978 555
36 774
836 669
418 530
239 702
519 920
830 555
300 978
266 590
818 19
747 123
729 404
592 414
917 685
75 518
774 750
888 307
562 12
698 42
749 954
510 118
790 4
603 969
89 791
461 771
334 51
56 739
361 907
880 661
993 874
979 811
86 515
569 555
452 233
399 482
880 740
366 883
975 735
115 379
176 155
840 114
149 312
910 422
108 877
328 693
195 840
708 236
666 526
368 593
523 293
88 624
307 910
768 140
695 611
511 598
493 71
864 549
960 932
435 490
565 19
712 505
510 974
596 895
208 840
389 813
856 740
782 268
485 692
472 237
769 903
242 427
673 355
912 741
667 333
266 12
669 791
726 1000
892 448
986 909
607 63
386 839
613 618
796 158
268 359
14 327
531 347
734 438
22 850
257 980
148 812
614 683
541 767
420 408
41 837
775 534
5 802
305 968
896 725
605 349
880 836
495 949
794 60
499 302
626 193
658 607
738 465
248 93
357 773
34 488
396 711
589 602
628 384
21 222
884 42
483 883
589 555
935 515
595 166
98 850
621 858
233 41
966 579
549 360
223 642
229 61
638 987
175 955
125 252
841 699
458 785
917 246
461 154
937 416
48 321
275 426
811 172
171 13
581 586
21 515
99 767
321 297
622 137
324 948
626 244
310 739
904 376
725 640
393 245
146 487
829 674
958 30
872 219
470 340
900 147
95 41
190 887
229 605
228 101
240 244
113 378
813 895
60 544
829 501
118 100
930 888
158 790
723 458
991 257
813 545
411 309
503 683
511 236
499 748
525 254
981 396
480 435
143 795
331 715
278 54
112 506
381 82
68 285
175 539
586 222
219 923
718 499
497 733
944 284
514 822
965 186
897 906
36 322
576 375
334 107
263 85
715 796
205 454
130 527
25 864
262 151
194 633
655 740
620 663
841 710
163 814
989 454
771 687
836 250
964 132
158 87
907 240
497 793
354 738
67 27
638 838
493 237
185 68
850 686
445 906
930 246
642 674
977 817
116 667
523 365
319 774
655 856
638 544
569 31
908 575
743 947
892 187
879 355
354 294
967 912
389 869
709 880
337 37
748 922
89 51
75 64
709 639
194 334
599 668
912 415
210 624
486 390
691 443
985 154
387 122
481 395
616 474
196 931
291 918
532 696
292 421
404 735
443 819
481 484
409 327
211 207
763 394
970 32
643 218
829 251
325 76
897 603
666 392
67 925
784 51
890 68
898 39
754 941
670 798
802 587
822 654
179 696
846 256
372 143
194 699
629 801
650 742
278 687
689 84
283 775
894 415
271 594
254 830
36 501
208 402
82 375
581 863
510 535
794 552
364 376
347 150
226 348
350 731
137 372
330 184
507 476
450 149
337 967
684 799
755 130
498 169
269 291
930 282
5 198
156 342
51 440
806 918
647 552
345 4
934 476
937 456
280 380
4 913
765 568
947 643
683 877
728 370
601 228
484 552
198 362
242 5
451 619
744 134
585 696
550 110
239 987
554 869
904 844
162 842
752 54
218 958
700 462
207 238
486 787
232 809
547 466
31 845
269 840
382 211
990 274
828 473
23 825
637 583
799 328
244 7
593 651
656 89
414 377
624 429
589 693
684 655
352 224
116 121
101 491
963 448
780 186
768 722
317 597
276 489
519 351
613 384
906 864
154 973
671 32
56 82
993 986
817 276
523 467
841 670
950 488
495 995
828 908
427 45
704 248
432 965
677 901
489 756
362 522
403 196
403 53
578 765
584 342
712 363
844 152
113 994
579 221
123 73
90 434
126 685
646 317
139 170
674 938
948 61
968 723
298 342
118 383
744 826
284 133
394 837
40 929
312 710
62 278
711 127
472 12
182 843
678 76
98 90
729 164
930 853
408 675
448 164
670 883
106 576
1 724
143 913
828 159
188 62
581 433
619 770
710 223
141 208
192 101
952 739
315 165
334 707
232 773
747 102
692 749
434 813
509 359
789 405
455 897
850 357
782 538
822 711
606 830
507 451
738 494
521 106
371 79
516 721
258 737
101 271
177 503
239 145
353 534
175 981
474 258
422 546
426 417
103 599
551 963
634 968
161 523
901 656
59 725
405 961
134 1
944 189
414 89
381 450
272 890
238 437
499 204
865 543
281 257
532 155
289 891
694 888
751 121
842 935
954 733
354 545
81 287
686 780
608 7
324 949
860 519
293 642
497 47
8 270
565 118
179 295
532 353
934 405
422 121
481 531
69 764
986 844
807 878
991 221
242 460
835 704
938 890
630 343
139 851
22 908
464 892
467 303
286 785
838 354
1 647
718 820
149 519
297 228
128 19
330 172
220 708
600 2
874 417
503 859
604 168
64 771
5 773
31 623
410 247
875 9
783 810
905 920
742 833
914 726
609 22
276 323
466 580
798 475
287 850
258 253
129 80
605 124
104 744
153 933
289 810
890 822
82 291
64 826
470 185
241 386
494 76
370 230
632 301
174 973
128 414
86 810
967 631
885 822
711 626
553 848
935 106
186 615
355 868
228 510
127 23
379 122
327 506
130 850
484 727
383 745
401 269
576 701
960 540
8 441
964 744
87 523
621 764
296 372
722 208
661 342
178 514
621 52
288 264
757 532
683 913
868 403
230 956
655 287
624 887
507 621
437 778
870 748
340 59
804 714
142 497
143 600
554 785
849 935
611 192
210 731
624 848
848 653
79 975
316 420
69 117
636 740
982 984
4 635
610 395
115 539
905 916
652 228
287 131
552 16
251 955
260 685
387 569
83 230
778 344
732 777
606 734
607 603
149 991
187 132
756 635
372 136
120 97
599 603
945 80
904 324
620 982
253 155
941 420
335 949
914 988
37 795
96 329
99 890
933 572
928 892
620 756
659 764
16 522
738 875
557 229
937 441
358 600
968 252
487 828
494 310
993 671
208 177
727 74
720 284
26 933
298 974
389 21
376 758
927 533
734 781
256 502
830 288
85 375
674 788
863 312
226 687
393 268
583 681
621 502
967 782
623 344
47 796
322 365
575 445
161 681
277 807
151 818
605 975
910 5
805 465
539 301
924 481
835 710
52 676
112 71
807 532
151 16
374 475
247 587
675 889
367 342
883 815
115 729
563 65
502 447
6 904
128 758
143 813
10 742
638 406
396 511
701 503
823 288
75 568
630 391
597 659
709 457
85 119
898 8
679 909
870 212
948 171
896 489
866 339
128 899
543 158
21 184
261 745
281 171
876 588
435 942
938 861
78 851
957 781
7 10
580 344
323 945
604 70
874 806
556 225
459 942
44 13
581 818
185 161
438 317
133 417
205 30
405 940
172 55
854 629
342 345
437 123
440 465
350 110
320 871
284 706
385 577
133 995
25 746
427 202
289 173
367 988
530 392
217 899
661 558
243 723
561 714
414 758
697 506
757 982
169 177
995 253
78 771
191 480
341 467
911 987
717 600
847 985
114 751
557 943
491 475
952 791
312 694
577 126
740 670
766 922
503 592
795 156
330 38
897 345
419 576
505 827
748 16
793 567
477 38
482 988
140 186
349 108
921 411
225 38
906 82
322 932
576 79
742 348
140 920
694 370
842 270
784 96
704 291
547 303
513 451
514 60
30 622
701 586
758 517
390 483
379 676
888 559
251 692
850 23
250 919
436 724
932 753
186 511
388 599
560 128
941 381
674 408
524 884
570 89
510 556
412 635
194 821
372 599
604 840
881 725
642 557
275 428
232 34
623 77
807 186
324 65
171 156
998 547
416 313
803 979
248 916
464 305
686 892
319 893
748 545
179 294
568 583
399 32
384 530
13 446
240 359
682 66
666 847
422 201
958 495
265 642
375 299
285 607
913 286
889 464
74 274
94 209
545 971
303 47
161 962
236 2
239 941
926 933
887 317
834 427
67 670
987 935
92 577
719 484
421 353
244 900
986 641
671 713
878 72
301 348
874 430
322 793
888 269
201 88
754 820
404 539
480 129
266 516
657 349
126 130
474 931
120 983
541 995
671 820
31 149
755 767
26 65
337 298
154 864
121 499
42 769
167 176
817 113
656 305
95 66
306 758
1 108
224 851
480 717
667 723
10 242
836 58
256 94
831 481
300 367
798 250
214 493
402 667
494 77
974 475
523 129
545 329
428 459
394 375
272 871
636 92
753 197
802 459
342 496
590 282
994 931
42 468
761 916
775 508
289 341
597 519
720 95
412 786
522 941
541 95
394 568
507 145
39 278
250 658
317 400
9 967
304 977
285 946
821 864
416 118
216 172
914 85
437 920
4 221
579 804
201 649
826 1000
866 173
451 776
799 675
856 107
754 630
495 664
499 605
981 317
467 549
496 851
28 536
692 567
572 93
535 75
168 139
166 682
111 590
224 162
512 728
870 809
616 920
49 9
633 187
174 387
768 693
729 712
879 698
861 475
555 656
383 523
920 307
560 874
79 624
933 219
909 581
345 684
381 54
36 503
756 422
573 696
557 83
674 337
345 733
660 300
707 779
11 256
225 484
103 416
39 246
43 243
635 637
906 63
800 534
65 968
601 558
79 570
397 521
881 366
518 499
976 70
7 634
345 153
643 862
570 994
700 789
307 416
333 584
924 173
578 938
359 968
766 832
437 135
810 68
21 795
764 259
234 327
566 521
436 486
679 362
939 505
317 37
66 871
397 461
145 124
458 205
481 292
959 603
339 834
411 209
344 236
986 551
420 129
889 272
859 263
274 570
433 568
100 364
154 484
232 924
28 461
951 761
563 849
918 482
813 760
64 409
73 93
382 209
537 718
221 77
519 554
975 115
837 131
107 362
54 663
845 696
917 283
535 220
152 3
645 780
888 421
719 646
407 585
552 527
804 163
845 521
665 163
906 671
64 726
327 859
7 5
907 59
124 717
604 71
929 192
71 898
185 823
647 53
577 793
180 766
952 910
52 571
814 585
466 587
237 908
30 386
312 285
688 136
281 742
780 760
621 550
587 922
74 827
608 479
493 179
792 150
647 360
320 663
532 709
845 431
403 420
88 738
894 964
780 263
720 39
39 329
665 938
632 691
463 653
393 303
929 877
388 856
754 250
302 628
708 671
606 454
365 300
203 465
283 89
710 416
14 475
127 374
202 155
838 260
294 333
348 528
809 2
293 177
757 892
540 150
710 322
636 452
323 638
52 552
18 648
887 638
637 775
598 503
678 447
899 446
719 289
753 323
654 395
558 208
706 991
879 540
935 990
991 994
373 391
35 2
867 593
760 251
281 134
304 97
152 149
941 491
836 199
858 571
552 662
115 14
246 804
651 90
128 61
955 416
651 161
561 809
51 679
159 592
384 838
756 700
59 580
29 100
637 143
195 388
119 68
698 373
246 625
775 711
436 133
643 777
682 801
630 747
516 575
104 217
155 368
397 674
699 754
920 709
316 982
743 793
801 326
824 33
553 677
492 247
207 620
628 340
198 860
472 123
630 292
152 781
942 608
819 151
364 72
883 968
369 934
596 483
139 674
451 852
586 281
397 102
18 861
598 18
975 264
726 725
875 237
141 97
861 511
74 68
496 702
773 620
173 272
672 657
265 861
832 87
762 280
913 746
712 844
554 748
991 945
98 672
580 620
548 210
288 904
328 165
930 629
556 501
228 582
676 942
150 477
137 530
484 447
11 57
309 308
606 570
148 246
759 828
79 478
122 186
245 962
910 806
250 936
141 775
38 685
384 4
854 579
765 124
603 321
397 770
589 302
194 514
189 672
446 209
836 473
915 810
424 783
868 970
401 481
259 991
81 377
264 807
686 814
748 759
893 506
354 434
523 511
561 151
881 419
661 613
9 966
672 130
545 244
565 249
199 79
165 203
293 390
442 832
84 509
934 145
791 760
776 15
563 329
31 679
360 652
930 808
112 93
597 42
684 866
921 560
574 474
482 786
657 30
895 154
491 192
978 722
801 799
667 882
649 707
84 800
68 493
909 785
170 576
292 789
315 463
337 388
779 749
743 52
874 165
490 170
435 807
457 803
634 681
358 282
59 760
805 15
697 453
662 149
521 775
65 273
917 73
6 216
318 734
873 389
546 293
285 271
76 404
883 92
264 534
794 934
445 570
550 312
