1000 9879
124 511
867 353
31 971
754 7
310 908
132 420
226 587
122 520
85 388
694 806
21 568
189 422
280 510
428 718
638 579
360 83
801 157
568 128
217 982
162 412
520 355
42 294
27 341
339 615
325 600
456 777
808 81
958 420
579 913
195 922
359 681
506 111
626 364
321 357
520 805
852 798
139 669
680 647
761 348
396 155
877 462
988 460
1 638
511 161
531 580
586 51
533 520
936 222
631 513
905 837
529 849
419 57
202 651
844 846
738 457
97 439
315 120
158 726
556 445
832 701
941 117
210 1
267 74
345 798
822 280
953 607
242 686
462 411
850 960
318 762
572 533
223 571
741 442
427 46
716 616
555 298
126 939
996 200
954 910
674 84
623 43
972 849
60 891
591 521
751 983
240 415
945 247
8 277
65 836
726 147
485 559
693 74
345 244
826 621
242 340
759 473
670 442
108 301
398 25
296 447
424 372
173 871
117 923
207 712
14 41
930 654
408 322
810 200
4 7
705 950
597 128
571 813
933 142
183 547
634 135
255 721
880 11
53 751
865 441
574 259
795 82
407 936
691 101
822 777
490 302
516 152
984 392
957 931
594 571
634 456
749 80
69 123
844 995
914 39
906 606
139 325
837 102
197 199
704 293
137 868
390 342
140 873
931 78
664 595
336 516
465 416
466 170
693 712
225 480
667 713
724 526
727 441
530 919
544 488
73 692
349 723
674 406
214 455
717 468
664 224
735 55
394 831
263 416
586 717
57 505
898 705
613 20
239 392
518 41
189 637
407 248
963 906
213 375
30 343
887 513
971 439
274 157
293 655
687 595
742 730
800 829
907 627
655 241
143 397
365 237
792 401
647 621
669 981
393 330
548 380
844 413
826 752
355 184
122 149
70 733
606 419
860 983
136 852
373 772
635 465
804 578
23 706
615 512
570 433
88 59
396 204
808 276
538 421
350 415
706 751
744 582
504 811
364 367
976 888
247 570
258 156
723 848
135 582
969 496
550 663
59 360
25 296
351 640
687 346
657 339
549 325
491 773
476 119
945 216
763 689
23 2
242 532
775 788
558 92
980 438
810 792
824 838
642 203
127 655
534 453
628 480
132 909
956 431
818 392
747 498
842 514
326 755
404 89
742 43
727 349
159 273
823 814
312 504
419 444
752 78
461 41
135 296
534 662
3 842
356 80
194 791
621 604
128 393
63 43
964 422
587 933
932 836
347 428
441 807
480 779
934 981
69 955
587 562
860 742
20 493
873 884
155 654
82 866
673 461
985 339
19 175
682 149
882 161
48 941
160 87
332 194
907 893
32 145
255 375
113 282
317 112
134 846
709 926
106 741
13 151
970 330
535 758
122 538
921 646
779 800
852 874
672 464
140 286
303 451
144 857
607 128
900 288
204 661
83 284
49 732
361 578
344 816
399 928
1 529
274 615
205 977
169 331
272 183
193 605
31 853
568 639
58 725
758 822
802 724
743 172
625 707
111 584
318 786
706 772
177 82
729 605
931 953
187 153
25 38
585 62
640 391
436 616
577 898
228 970
213 708
659 656
642 862
845 837
706 307
137 670
67 477
910 771
270 610
399 314
628 154
581 748
767 753
954 958
95 536
206 72
257 182
63 254
726 426
138 131
589 162
604 514
29 357
30 284
234 763
695 538
904 421
751 803
332 435
423 964
119 85
983 553
716 9
354 198
562 995
669 925
504 679
325 583
914 639
695 937
517 89
575 343
529 379
170 461
160 7
571 768
517 490
834 382
356 750
782 966
269 17
446 278
140 258
947 178
566 984
558 984
147 816
300 131
434 946
992 904
149 685
889 112
905 763
928 22
876 282
219 569
23 821
124 890
303 549
110 829
954 431
102 980
266 941
709 71
196 430
34 449
550 148
479 491
92 79
133 360
115 790
562 586
818 449
383 553
387 820
266 143
91 446
220 346
668 806
996 491
263 302
266 30
985 862
591 176
590 7
975 587
918 761
389 485
645 205
953 26
439 898
825 80
204 59
927 667
803 905
459 79
540 812
215 522
952 60
246 46
645 103
610 788
265 363
116 250
910 117
878 297
956 755
577 194
939 487
692 181
820 354
804 559
934 222
477 769
47 19
175 206
506 243
260 968
305 737
583 210
577 413
50 55
844 909
867 500
338 250
799 411
275 642
179 982
965 689
435 576
419 71
364 710
228 733
876 12
763 660
641 666
35 183
500 905
837 502
732 204
675 954
810 958
669 360
185 237
984 965
29 367
612 652
573 653
392 646
923 866
377 24
909 15
77 227
688 244
988 827
871 267
629 519
703 768
294 552
138 200
825 914
160 957
459 444
759 745
240 800
621 520
858 202
803 583
897 414
671 590
475 694
613 100
116 652
599 49
197 713
696 784
773 244
904 381
561 666
800 830
85 300
485 578
324 960
19 146
347 609
39 367
705 887
726 47
855 905
218 510
950 935
899 947
38 45
939 434
282 595
28 115
930 659
556 912
199 430
599 119
877 371
706 381
487 140
684 888
829 97
714 163
808 164
38 781
407 828
763 594
127 987
933 276
718 730
477 184
460 938
335 14
672 514
165 587
45 997
176 796
875 922
314 864
129 394
542 550
196 486
876 512
914 869
257 110
813 113
220 890
859 735
760 904
851 307
441 702
738 344
688 116
944 206
330 816
306 983
788 439
238 490
612 659
557 270
665 966
542 226
356 81
893 150
824 387
388 852
560 397
820 887
961 709
935 102
479 186
669 150
122 613
653 263
587 565
844 220
882 107
220 838
393 276
839 347
919 579
170 462
925 302
930 580
476 754
62 323
464 574
625 53
398 833
735 56
848 980
193 129
710 494
820 346
933 69
827 718
203 360
757 897
369 576
406 463
840 851
382 990
260 595
593 703
994 196
387 398
405 105
552 246
625 480
37 370
934 960
24 943
187 333
26 197
444 340
871 415
601 335
59 375
296 835
667 884
634 257
249 869
305 11
412 873
219 589
737 8
466 30
233 313
624 390
986 998
352 217
346 467
356 584
546 577
528 188
822 306
971 980
589 541
954 234
719 942
794 275
917 87
646 895
829 380
766 222
261 618
826 19
58 249
703 715
299 241
16 669
518 212
703 856
66 271
564 562
655 997
859 118
109 363
509 689
756 758
25 530
941 612
1000 32
621 720
512 12
566 371
114 402
890 531
851 779
484 864
592 630
152 570
985 430
288 74
118 774
60 550
811 294
711 257
18 110
334 812
423 549
657 845
216 139
325 983
408 989
78 965
134 811
66 917
527 768
397 91
71 132
37 52
662 530
294 685
482 837
729 983
876 866
861 956
46 173
563 69
703 756
914 489
425 716
746 680
174 81
508 683
126 334
239 565
570 126
527 708
896 638
674 474
129 321
849 562
97 437
353 803
580 422
83 134
836 968
33 941
3 61
71 857
975 391
499 118
284 794
894 45
641 351
552 302
664 1000
243 125
298 765
29 987
44 9
798 166
233 960
159 488
876 878
533 59
76 442
771 477
708 183
931 400
589 244
220 633
225 789
392 344
525 824
160 980
808 960
788 222
826 265
294 291
540 527
177 611
890 708
191 185
765 260
750 288
669 94
997 369
565 29
289 274
910 522
756 1000
22 667
385 912
423 632
541 181
688 727
356 429
639 694
605 866
970 417
881 250
937 184
638 720
355 824
51 38
969 623
57 633
244 573
248 568
264 317
69 438
737 628
402 471
477 945
403 978
577 483
923 27
545 525
819 90
287 400
127 81
678 291
714 71
885 51
538 353
801 967
748 306
936 188
554 759
59 191
392 986
779 678
136 932
672 598
603 954
106 254
415 18
73 463
736 281
898 232
330 486
941 198
101 441
802 908
452 21
515 369
2 836
528 132
50 632
456 191
864 44
297 913
906 769
362 841
20 919
936 760
684 398
868 755
637 426
233 354
922 94
458 795
868 834
523 153
547 879
911 470
343 765
829 873
167 70
996 238
376 707
647 544
627 394
169 614
152 340
314 440
428 513
34 648
56 176
735 400
803 859
479 214
1000 391
566 426
270 151
184 233
851 944
105 694
17 340
327 51
180 203
117 747
781 394
527 90
530 138
880 331
865 761
807 762
875 844
425 72
557 911
981 195
838 724
364 75
611 90
486 499
224 461
331 483
683 598
170 559
389 719
800 965
16 441
17 144
666 271
727 938
79 817
500 200
983 653
505 310
732 947
240 517
793 817
261 779
545 846
46 455
269 540
219 913
127 824
789 293
561 398
192 803
103 259
605 93
128 847
672 253
918 890
595 219
867 862
335 988
784 378
112 813
976 530
224 855
906 805
870 498
871 911
86 589
788 449
96 273
100 377
119 527
776 102
484 140
801 123
480 559
47 707
64 930
896 17
645 198
416 848
738 930
850 680
100 95
212 881
216 628
309 245
468 986
632 528
501 669
604 590
313 355
762 562
544 737
714 689
751 894
148 984
131 427
648 799
610 806
754 257
169 141
42 133
249 447
70 831
240 22
654 55
605 731
416 673
790 567
394 206
495 676
947 108
278 138
596 369
965 836
396 65
403 891
301 444
670 991
529 217
876 304
642 280
113 720
380 431
241 411
391 335
103 65
766 259
533 610
97 801
150 146
459 646
500 83
139 143
328 196
646 594
495 856
120 102
46 338
486 181
107 672
341 763
497 588
877 457
104 941
909 577
879 311
868 548
940 89
922 508
281 492
618 79
727 355
270 608
726 391
59 675
872 718
68 819
471 281
785 989
756 320
578 608
579 457
284 763
214 380
187 272
54 618
502 699
393 85
717 252
699 593
815 595
604 594
808 771
535 848
789 576
39 417
78 697
172 710
878 416
865 839
8 90
818 631
467 543
998 969
412 484
460 472
78 859
853 95
875 507
187 541
743 512
908 987
985 248
714 774
771 341
780 509
788 157
424 215
883 623
944 926
652 423
49 766
451 702
774 854
336 878
170 886
944 621
762 236
233 506
845 249
452 796
280 677
379 945
732 891
948 808
450 378
652 20
763 891
968 321
434 613
646 574
923 747
598 939
413 953
439 837
851 381
837 306
676 880
474 296
718 207
231 946
78 174
93 82
564 753
86 629
197 548
501 898
217 635
309 11
648 667
42 374
924 632
262 883
160 981
660 34
938 332
96 551
298 943
959 86
708 854
413 366
553 915
459 240
501 597
386 487
247 113
378 256
181 867
405 28
117 534
373 700
908 665
945 543
360 553
145 195
478 89
922 522
307 83
613 866
683 988
30 837
514 578
342 619
680 870
748 13
658 805
603 538
204 735
478 266
745 785
463 114
66 664
328 431
292 74
59 321
645 586
6 712
222 679
818 509
614 351
700 618
228 735
687 304
926 536
840 473
469 815
400 874
229 329
356 583
357 782
787 224
582 313
729 667
107 731
846 322
974 183
775 834
597 629
376 776
230 231
180 952
567 60
471 139
225 485
278 617
110 424
203 710
78 138
393 802
251 722
422 695
404 422
82 712
746 355
589 500
327 750
733 615
186 730
209 203
309 144
807 177
440 97
702 345
801 120
91 856
610 744
984 127
512 644
369 30
170 89
755 987
961 370
542 305
213 485
565 112
969 863
324 421
476 889
661 589
612 61
65 214
561 745
66 137
787 155
19 261
670 548
708 767
982 266
169 33
830 174
583 914
985 135
52 746
36 727
717 712
994 79
463 816
213 793
489 339
294 746
170 556
139 567
909 7
676 278
808 166
425 762
726 600
936 686
959 697
164 81
371 431
350 442
870 951
982 801
895 843
235 364
148 557
844 770
63 690
785 78
646 631
393 499
894 27
35 34
465 385
147 399
214 516
470 626
572 762
613 450
652 306
194 624
671 230
358 295
968 119
197 619
699 249
650 303
464 73
270 257
357 405
103 625
327 573
842 739
848 364
962 508
925 232
532 791
474 2
57 26
366 12
708 799
530 555
17 900
828 190
111 312
459 299
354 479
874 579
659 162
409 280
534 552
89 139
97 656
740 494
801 358
53 401
41 441
802 439
523 721
198 257
346 572
240 23
147 709
153 640
649 779
50 264
13 148
535 755
791 869
957 93
830 981
725 225
908 903
253 988
757 816
297 370
599 41
780 329
249 9
726 757
106 898
552 248
771 22
196 762
3 160
740 945
615 775
62 669
102 350
908 229
359 69
892 466
265 71
612 495
577 756
413 690
143 829
145 608
990 638
831 844
888 398
27 580
546 748
790 188
840 273
93 987
850 182
245 640
764 34
286 322
487 711
515 328
651 184
121 515
37 773
955 270
349 531
251 557
881 950
868 59
203 654
578 974
962 593
171 832
375 900
699 882
884 446
741 19
618 366
655 999
103 746
307 525
824 417
88 717
155 577
172 929
19 996
369 85
632 557
299 302
512 189
640 354
33 921
60 689
242 300
372 74
321 155
394 729
753 184
542 362
700 897
5 481
949 877
744 965
487 905
633 595
200 497
198 365
291 605
952 769
695 987
165 124
477 826
957 240
209 872
230 594
585 673
273 203
795 74
470 524
88 246
537 951
899 56
315 516
856 251
455 653
469 552
843 471
109 953
865 371
373 140
917 451
378 754
332 741
183 927
494 620
477 254
685 313
22 297
880 943
240 590
59 2
278 864
10 450
332 729
258 276
975 385
707 575
963 457
67 668
694 299
324 90
556 328
81 872
335 919
858 544
551 583
665 448
958 607
885 549
443 510
656 653
50 692
713 460
931 261
456 217
937 960
599 968
107 826
901 310
189 740
171 25
941 565
247 338
105 301
181 64
592 809
898 872
556 908
498 196
831 26
468 540
626 200
238 130
938 220
332 67
483 249
85 277
603 216
952 80
184 58
989 971
633 418
575 406
155 331
62 904
265 287
484 661
434 446
17 366
270 40
627 639
848 880
282 634
618 774
624 727
1 914
934 66
477 749
957 163
155 105
598 191
912 620
473 894
369 957
320 199
283 461
782 929
43 647
44 758
101 995
785 28
14 332
679 760
786 477
490 445
516 246
222 780
641 622
187 119
222 927
486 16
469 814
791 337
443 207
816 419
961 654
344 696
107 852
810 957
85 915
569 990
141 653
751 450
638 801
427 864
120 270
525 743
103 511
418 101
684 392
730 762
214 475
237 986
163 907
493 368
149 356
85 614
285 100
118 990
289 97
346 114
111 182
594 300
632 391
528 742
48 712
587 957
569 410
850 597
544 616
693 57
161 408
109 450
899 662
720 105
632 613
28 559
506 350
53 267
840 765
574 999
356 508
485 720
569 229
899 948
717 997
961 403
946 457
764 320
602 359
514 773
861 762
216 626
937 154
575 360
152 786
506 163
326 510
454 195
628 778
459 731
922 657
389 700
619 953
781 362
217 349
575 779
350 387
633 869
445 988
93 163
205 809
98 347
173 267
411 442
951 365
842 74
663 262
594 539
421 589
316 373
944 566
407 672
19 926
427 529
135 864
291 62
241 895
810 782
278 808
466 200
654 695
325 259
260 79
957 990
318 596
154 925
598 976
68 59
881 824
788 348
686 375
67 485
968 120
534 315
913 702
405 893
952 442
655 541
626 991
842 736
885 654
48 357
301 589
323 173
306 933
401 587
642 523
510 733
940 292
266 311
845 481
494 177
665 587
622 173
293 687
901 32
428 886
513 568
643 761
203 190
61 820
713 25
327 17
243 830
223 55
236 205
843 127
915 346
222 392
260 877
602 746
144 974
277 750
773 681
799 681
321 762
998 815
639 430
107 201
126 631
731 819
187 721
922 868
248 481
232 934
781 31
13 117
749 683
625 485
274 611
659 495
540 330
302 109
710 30
732 994
549 148
951 256
183 954
153 195
961 596
103 67
732 913
41 534
156 934
634 383
352 185
174 282
489 196
344 705
111 709
244 511
215 363
593 730
78 33
44 145
428 920
498 364
885 576
281 498
30 215
320 322
901 998
841 875
902 411
962 430
335 720
963 155
251 669
621 886
489 256
561 884
691 773
945 533
655 998
512 400
513 969
972 810
556 937
100 125
546 115
820 854
712 375
345 370
402 923
366 408
646 190
336 155
173 704
838 854
68 610
952 437
535 850
220 805
539 313
812 609
191 356
217 985
949 264
56 473
848 149
522 569
392 628
268 534
357 740
89 23
199 46
386 713
338 718
467 398
566 690
861 546
915 374
75 245
580 928
481 318
890 210
502 148
251 404
913 105
770 530
467 236
354 769
947 182
179 800
986 720
537 950
386 922
795 506
877 632
982 908
258 64
171 801
615 810
541 643
176 761
892 889
586 60
269 832
939 656
352 410
297 527
979 103
67 609
710 917
783 452
645 886
196 426
452 60
235 452
202 519
193 968
716 816
951 187
991 353
665 86
822 209
632 31
393 945
615 238
764 548
929 473
458 915
384 82
639 276
821 695
935 466
102 790
432 878
90 838
91 35
516 938
811 810
137 271
86 762
938 443
502 618
391 535
30 493
913 939
313 191
575 179
668 631
606 72
657 738
752 672
341 913
481 926
371 542
752 575
454 939
517 135
129 718
792 442
479 12
172 676
13 616
855 993
804 885
40 538
964 175
448 367
583 795
321 362
207 519
166 22
456 953
457 320
169 84
356 654
378 962
434 112
108 95
515 809
827 523
408 683
563 53
43 78
473 543
828 151
46 204
527 718
675 572
178 508
970 96
438 906
96 762
499 648
843 704
559 406
49 411
529 167
288 755
510 8
2 86
750 834
383 747
392 940
250 700
767 881
804 205
793 116
866 514
408 150
101 311
104 613
241 73
640 401
237 695
1 25
276 405
519 443
522 493
261 583
44 89
893 940
715 577
883 106
901 631
849 334
217 548
399 382
737 497
959 406
742 866
963 83
260 418
860 721
57 508
885 858
542 21
817 522
157 41
309 158
954 741
795 683
868 931
109 82
622 150
720 106
739 982
497 39
207 852
285 822
611 272
843 884
113 23
22 715
332 503
333 522
337 591
431 397
307 147
346 695
85 174
826 765
412 302
108 413
588 919
602 279
342 538
71 184
74 364
917 808
717 710
961 452
287 480
877 256
666 667
245 118
751 724
59 510
598 533
35 883
235 209
456 258
681 463
240 681
64 455
709 505
233 432
70 301
453 187
990 466
991 959
225 180
903 457
997 574
451 406
987 632
313 750
903 350
228 588
287 949
201 268
55 441
258 733
461 962
689 39
708 325
747 489
286 247
785 724
970 600
720 635
257 403
443 456
137 613
105 57
567 435
954 52
183 394
687 774
319 218
581 755
802 224
440 289
370 266
247 356
85 633
746 325
640 122
403 4
721 1
526 666
768 222
842 963
77 886
674 776
696 816
933 525
644 432
557 701
134 406
119 76
436 84
584 741
325 733
385 258
476 863
900 233
223 50
61 819
868 165
762 672
47 105
989 293
798 712
804 909
252 706
571 906
327 16
630 491
367 755
1000 644
268 706
490 574
558 743
886 176
298 441
523 800
231 283
554 886
810 284
961 152
395 361
849 927
166 451
482 812
598 454
467 64
978 931
966 26
698 716
459 548
776 482
586 259
743 609
235 189
990 319
404 966
442 369
371 397
443 40
117 177
524 983
67 900
817 61
809 399
793 786
261 876
46 486
598 787
562 383
938 510
167 630
732 328
150 256
776 687
542 518
157 572
963 380
379 613
436 740
516 800
396 789
371 969
244 377
620 748
767 623
570 425
789 905
702 898
724 690
855 408
785 978
190 361
962 478
752 822
364 548
733 685
116 593
962 369
47 593
584 291
821 58
275 90
313 275
952 573
735 469
942 849
467 691
817 828
514 936
489 835
311 866
705 819
8 93
523 622
377 674
914 33
364 1000
518 679
516 291
676 640
853 92
419 861
982 304
911 892
489 603
442 432
596 434
449 303
140 424
411 705
14 369
400 325
341 873
496 286
417 902
804 534
515 861
148 786
790 321
847 656
369 753
135 628
672 352
519 547
370 817
705 488
375 961
953 790
143 858
749 525
884 826
723 252
463 441
563 871
858 925
262 152
362 44
474 610
257 136
311 117
645 885
432 434
923 99
179 671
932 487
275 988
538 90
280 838
980 491
225 145
902 346
461 906
888 138
997 808
45 203
431 854
935 253
288 820
370 324
25 807
686 428
143 86
860 714
767 515
552 560
310 305
292 715
522 296
656 542
589 240
807 313
534 595
459 407
439 661
910 514
510 794
318 796
405 662
158 438
96 681
797 5
265 396
864 49
367 597
652 947
228 269
857 347
100 967
192 54
393 417
995 191
826 841
596 615
728 343
620 285
30 825
329 396
292 256
978 995
533 770
530 68
58 965
616 539
457 417
204 786
45 730
541 757
818 90
586 462
642 300
861 856
365 873
590 822
704 29
979 149
32 666
624 228
917 727
721 467
12 203
585 159
770 59
310 480
451 330
555 832
850 124
244 403
176 83
413 922
641 447
56 649
183 304
483 714
46 760
820 715
418 99
419 390
702 659
565 697
140 476
309 507
185 197
755 994
128 419
673 217
983 508
84 290
326 713
740 151
106 994
685 530
869 501
281 277
807 640
68 532
635 792
782 327
783 42
696 900
273 853
865 787
702 190
282 557
100 788
51 360
843 964
184 327
627 605
668 233
85 9
958 629
57 552
723 651
522 610
999 590
260 94
451 861
342 650
457 460
245 215
317 840
840 651
587 182
446 775
417 831
736 475
480 616
538 321
336 809
45 847
736 330
419 102
645 828
837 68
861 94
699 431
296 650
867 757
7 420
742 885
196 483
24 822
969 165
669 523
166 465
721 580
478 801
894 105
823 689
185 775
348 341
774 345
78 122
318 549
910 809
68 948
768 770
972 546
223 744
404 470
48 358
584 864
211 946
307 645
90 831
932 620
916 105
497 791
833 733
842 458
142 753
125 775
67 863
366 19
938 368
85 489
431 733
837 954
329 959
458 541
316 659
812 744
155 535
906 357
526 522
656 772
273 672
948 520
781 972
773 211
82 860
817 791
40 580
646 498
743 826
249 466
359 557
307 238
793 713
844 447
230 986
800 61
70 819
715 170
364 20
94 181
354 30
395 704
567 940
839 5
507 612
93 483
443 732
795 99
101 936
743 617
50 406
433 486
752 4
364 489
383 110
610 190
294 533
62 561
636 654
822 971
511 138
995 761
887 575
156 605
305 957
785 363
418 628
317 590
211 55
33 811
567 998
141 352
92 498
956 363
943 607
380 565
55 178
404 805
581 35
821 87
567 240
570 340
145 903
2 776
522 467
650 748
82 474
600 547
358 172
861 324
828 627
188 658
941 300
86 621
367 124
975 637
803 292
722 764
424 835
295 64
357 263
105 310
702 389
167 352
392 304
104 122
898 818
360 837
26 989
542 750
685 602
891 205
104 137
912 982
124 212
587 724
275 202
773 55
578 433
96 810
744 953
564 204
89 228
566 406
554 422
477 533
904 137
905 208
579 777
14 84
427 466
807 809
80 432
976 383
783 256
680 339
68 190
934 180
882 765
535 981
481 316
977 727
378 940
655 378
537 779
682 292
829 51
596 290
634 221
173 431
84 254
468 157
107 183
605 428
566 978
933 501
789 692
10 796
737 185
728 9
231 206
359 21
253 626
89 721
733 264
993 443
244 875
117 227
944 609
248 366
447 950
763 529
469 678
897 701
515 122
857 247
737 958
221 69
538 185
280 681
667 855
374 621
965 70
468 482
415 37
296 691
461 679
887 801
283 991
231 829
145 978
556 436
171 606
262 299
154 928
564 991
619 348
177 449
305 276
270 806
487 740
237 721
552 275
99 816
651 217
746 105
641 451
237 328
112 873
79 480
673 978
537 131
280 148
65 642
546 179
587 773
366 88
350 701
996 247
834 758
820 901
252 71
928 472
725 512
172 896
545 506
88 635
638 535
792 269
443 454
5 32
796 301
1000 400
692 494
674 817
640 321
750 28
658 63
587 321
282 633
209 687
247 147
527 77
910 127
787 240
330 845
574 40
297 28
939 477
17 397
1 768
517 456
956 888
957 17
830 769
84 163
407 67
848 544
529 123
986 690
700 484
59 468
222 864
279 235
62 713
746 614
412 904
272 123
559 877
633 936
795 329
283 669
231 67
74 502
127 946
864 340
10 530
125 333
295 631
741 515
900 826
560 859
44 196
462 79
817 76
943 644
706 659
569 995
401 945
897 980
560 810
564 802
133 884
533 233
916 231
775 197
626 890
890 912
101 23
485 136
622 459
107 906
371 817
651 931
998 510
357 462
512 427
188 36
968 829
381 472
430 52
132 468
217 708
73 872
94 642
574 648
756 555
702 773
276 954
305 895
337 572
269 399
324 974
863 379
442 965
872 198
564 132
611 355
212 286
806 88
610 953
102 348
701 366
522 611
193 191
156 805
648 469
300 957
122 126
785 108
969 407
174 944
237 403
472 272
843 259
844 600
847 331
887 602
945 503
818 127
675 730
148 698
425 527
948 893
715 602
681 350
780 22
196 349
197 164
804 156
733 18
572 912
576 467
461 879
46 315
323 850
297 629
646 762
97 353
599 574
413 893
1 123
82 390
158 51
289 800
536 287
77 129
108 793
941 821
220 655
270 186
997 65
194 878
695 414
168 897
613 49
768 208
649 371
668 441
653 262
739 610
596 644
177 806
521 137
722 762
686 929
749 199
48 981
964 579
296 495
739 837
635 148
763 91
468 821
30 596
806 245
352 966
631 64
298 276
139 792
511 966
719 5
777 322
320 147
799 773
395 707
549 814
919 172
98 24
779 857
756 244
507 724
454 445
723 900
800 395
912 341
282 117
111 601
28 529
247 671
50 249
748 480
701 822
978 349
939 993
177 250
892 967
657 921
614 147
136 865
304 195
124 988
345 921
658 666
276 361
922 295
139 19
470 547
43 447
484 347
780 792
603 647
771 615
251 545
775 278
234 433
741 713
718 103
962 429
265 191
807 279
828 850
579 460
428 416
713 566
609 613
77 903
613 85
9 191
393 88
927 543
587 582
223 370
708 910
178 689
17 757
786 835
151 983
446 305
817 899
105 881
344 471
770 719
806 17
437 594
421 125
964 996
14 452
808 437
641 17
8 189
451 903
605 570
744 630
583 231
992 528
222 133
259 157
672 354
340 464
468 269
329 65
438 941
314 759
757 129
323 639
31 822
234 505
161 847
230 402
748 347
828 323
62 927
395 56
44 225
470 591
329 192
231 359
167 741
152 130
116 243
742 27
543 94
324 384
408 91
68 909
819 847
90 837
682 641
719 686
671 331
863 979
81 415
251 811
986 426
894 531
471 294
219 265
555 179
705 578
246 610
330 209
29 8
323 503
329 886
146 356
223 342
435 492
674 846
858 19
163 723
826 629
405 599
960 559
958 110
815 483
74 661
187 862
403 653
498 565
709 829
86 276
182 983
18 76
19 349
520 406
9 663
446 700
505 224
565 426
288 330
108 459
112 14
312 576
978 993
744 707
619 977
359 346
985 223
531 359
644 974
956 1000
390 770
282 139
264 799
217 830
567 710
330 191
702 370
212 191
624 151
723 813
26 7
961 608
340 347
951 325
859 533
277 374
614 385
543 614
215 462
839 528
221 217
421 951
472 734
816 423
227 888
230 9
819 540
253 936
805 529
457 995
900 827
82 16
362 800
915 714
236 777
275 826
43 391
262 167
655 660
124 746
270 690
487 920
200 170
756 487
498 435
480 682
158 103
971 752
552 558
129 867
457 686
149 352
977 39
669 12
807 223
350 670
367 804
719 563
685 767
688 173
1000 239
817 527
217 715
367 917
138 981
158 400
790 993
938 188
260 448
7 693
891 244
583 730
626 123
701 395
518 323
133 239
743 784
742 685
161 766
345 73
477 604
192 724
691 314
764 348
412 297
216 218
626 349
826 875
22 552
539 382
723 653
99 167
340 187
933 170
493 611
459 735
411 981
117 575
731 811
43 692
874 517
835 793
190 933
487 26
344 860
207 171
955 961
211 172
446 773
732 538
254 370
129 50
64 474
225 201
245 262
728 736
291 34
847 25
72 211
913 515
589 626
884 18
211 744
12 463
31 445
328 908
129 173
63 265
154 520
68 950
659 749
492 874
399 302
320 923
300 353
233 898
316 800
203 630
276 889
629 661
337 893
697 237
181 607
437 298
691 971
747 967
401 361
790 909
494 654
32 459
285 791
142 896
952 12
19 183
773 98
811 307
100 778
492 858
820 3
108 365
861 681
226 992
467 502
602 327
195 935
361 775
473 777
947 8
8 130
675 778
431 128
255 541
75 858
939 693
27 31
778 893
473 555
439 266
867 343
814 306
728 47
636 648
287 342
35 393
40 17
463 49
726 643
196 668
478 598
260 685
303 521
680 208
129 382
650 904
98 605
944 677
173 13
729 677
948 961
499 99
513 937
71 771
111 822
883 265
918 792
777 660
79 276
281 325
874 76
914 979
702 734
24 481
816 77
580 729
537 165
976 899
202 199
650 460
483 405
559 892
229 121
177 534
147 330
428 417
786 527
938 403
280 344
691 950
543 697
142 21
802 485
54 414
185 477
721 243
232 352
940 411
857 467
621 346
551 42
130 781
954 523
773 53
441 692
670 327
499 712
125 764
74 638
39 300
249 492
126 810
786 211
273 940
237 371
368 494
648 176
499 884
522 681
999 515
195 899
753 925
91 722
717 570
726 840
766 869
112 114
700 339
611 152
464 831
619 901
288 525
472 346
326 85
258 173
611 233
761 212
84 111
554 562
612 506
61 393
870 993
283 691
33 836
231 89
841 253
126 369
291 156
455 913
444 486
880 932
185 754
511 398
461 677
374 914
893 674
286 272
372 247
419 286
632 35
561 89
697 766
968 37
399 497
992 443
443 501
912 93
449 624
836 100
72 457
493 391
489 956
521 516
703 788
831 291
779 204
525 928
394 162
751 828
864 980
4 549
186 704
264 650
835 53
394 309
930 195
972 842
579 56
708 860
755 283
902 820
139 279
579 871
806 336
535 882
629 213
212 661
85 242
952 196
554 408
572 929
229 674
556 478
640 609
880 294
473 208
240 197
147 659
894 812
541 319
882 543
664 637
730 162
245 237
815 177
748 244
530 67
43 575
491 101
701 42
903 690
335 284
246 201
987 965
217 501
404 667
754 284
374 685
491 131
457 55
210 809
852 392
504 292
571 480
3 268
179 591
737 73
865 124
845 547
573 532
524 248
871 787
747 257
642 879
76 759
367 464
168 762
906 776
341 757
140 576
237 580
863 784
348 483
774 259
789 246
725 863
243 90
487 607
849 211
815 834
906 106
11 322
52 414
510 682
574 575
646 88
189 515
280 353
645 291
372 320
211 779
623 86
48 22
354 565
963 885
450 64
103 958
532 134
124 737
649 422
99 379
835 335
178 630
252 331
768 276
739 811
406 622
100 791
387 62
213 80
569 232
795 890
946 450
126 866
696 229
109 880
769 879
19 376
921 768
494 730
597 171
527 208
36 733
364 66
274 342
717 706
526 24
875 342
801 559
936 466
24 812
67 387
838 489
416 634
112 265
496 680
424 149
563 898
270 548
538 332
25 311
374 568
822 524
572 35
809 407
222 636
667 785
228 761
546 706
3 795
470 682
841 6
996 742
746 909
235 384
183 224
439 794
124 426
680 418
498 325
315 665
922 483
372 350
11 128
250 958
327 938
202 829
772 912
632 202
940 3
725 883
314 450
430 736
873 162
321 486
305 800
829 902
484 997
780 698
158 354
364 595
881 383
552 809
578 313
472 916
350 804
756 815
354 315
798 937
598 30
750 399
868 995
420 946
166 138
4 49
761 620
134 692
657 857
458 220
577 130
709 901
1 846
520 62
444 14
209 919
857 803
287 448
126 632
576 63
301 292
141 187
330 244
6 332
301 437
433 197
876 303
71 591
40 417
439 43
724 139
487 287
783 786
435 640
419 7
296 730
957 539
455 906
270 990
271 628
796 920
771 984
617 627
525 729
809 431
695 169
272 513
994 543
516 812
223 696
993 969
188 685
337 45
245 940
603 310
286 102
456 339
953 299
664 178
702 686
295 236
722 152
217 608
586 699
823 698
96 419
445 560
945 520
233 782
282 846
332 198
575 154
959 59
835 233
243 594
336 144
233 552
878 56
764 423
986 153
324 768
329 698
804 784
859 398
687 643
284 182
468 843
985 39
456 819
493 776
518 667
9 889
639 619
792 752
351 783
722 913
486 546
161 903
1 682
454 12
4 331
903 841
460 693
550 490
477 982
639 222
236 355
865 373
477 71
965 128
824 374
239 320
286 631
839 921
823 308
681 267
735 728
280 684
80 910
944 755
358 165
417 597
219 929
334 108
3 416
941 218
927 411
829 347
421 866
814 779
449 853
908 372
694 301
609 475
981 359
153 400
461 902
745 267
637 301
417 288
138 452
77 246
962 540
875 521
767 527
146 561
972 613
777 913
693 269
253 262
860 274
163 610
96 591
127 336
726 463
319 111
586 206
399 7
129 551
811 207
170 221
617 140
674 221
167 851
7 595
813 613
486 540
795 992
668 274
190 670
113 255
477 630
259 319
756 871
338 796
618 768
469 146
277 847
297 1
316 811
208 612
136 385
49 928
13 837
485 920
307 88
330 987
973 691
614 891
154 301
799 735
605 540
532 662
554 842
403 986
264 636
765 821
374 307
409 266
232 995
269 782
883 866
541 866
376 450
672 767
893 611
69 97
16 115
733 410
571 483
129 308
723 156
617 609
803 212
435 760
863 925
84 721
656 434
414 326
770 422
681 513
332 763
426 624
963 427
429 379
806 983
868 532
814 281
898 748
432 176
676 659
881 999
264 585
252 128
34 79
881 624
54 138
223 513
615 495
72 373
309 104
384 849
39 179
877 391
34 785
437 468
4 681
778 432
172 615
380 258
787 450
717 189
220 891
938 186
226 760
63 287
180 25
203 136
848 195
206 159
844 407
143 231
283 129
162 213
468 899
251 373
126 867
550 193
675 706
283 62
486 539
352 539
39 981
300 731
585 611
876 38
416 524
93 268
856 10
469 633
221 488
50 208
676 364
187 425
280 629
516 479
634 498
763 730
909 226
822 525
434 706
55 150
418 762
170 799
426 709
49 106
33 621
397 627
452 113
864 81
31 447
366 440
510 410
497 553
573 680
523 474
517 757
461 223
851 427
580 43
263 735
108 788
694 55
801 220
769 492
129 845
955 473
738 971
792 420
612 363
111 655
242 176
940 433
638 594
933 520
916 314
655 223
678 852
398 445
731 762
969 230
795 857
544 455
151 949
472 34
973 746
758 320
388 288
190 748
1000 536
434 162
85 971
573 508
386 769
649 925
112 167
666 760
683 682
463 130
196 527
753 945
895 143
225 9
351 601
101 694
528 376
130 60
595 304
596 95
999 50
303 523
162 653
418 739
827 133
525 502
139 135
983 542
949 666
362 68
555 895
383 686
675 422
480 374
278 697
779 452
543 103
429 323
332 914
613 495
172 235
541 345
48 473
536 56
276 57
599 829
855 407
68 827
440 450
77 51
137 584
998 389
454 679
539 325
25 537
47 604
341 895
582 855
682 861
711 100
198 555
661 541
95 945
178 575
875 429
327 98
386 592
830 15
108 339
550 190
238 954
956 737
373 849
834 197
395 659
910 22
70 787
166 262
762 931
175 60
549 975
456 530
166 401
259 113
316 102
559 154
1 681
84 250
340 108
343 799
783 546
363 69
405 898
37 140
610 94
723 933
710 237
348 442
54 577
390 222
476 275
783 704
631 538
745 607
413 623
286 391
468 494
586 137
865 86
728 730
534 178
612 792
560 947
196 39
417 438
366 915
495 245
388 721
776 991
392 660
29 705
589 249
495 90
171 368
530 825
212 791
497 834
439 611
219 74
927 990
110 246
557 333
964 337
380 136
935 80
127 110
360 228
590 350
169 898
27 492
209 385
873 938
965 608
97 207
796 344
544 289
906 392
526 293
643 567
113 254
631 654
976 316
522 760
672 197
195 976
783 243
978 845
579 630
448 404
911 863
735 123
131 137
539 260
374 385
946 318
86 353
92 626
148 844
455 704
402 460
44 749
389 722
32 945
184 748
810 608
61 314
616 687
840 739
287 296
438 908
115 561
886 270
124 801
399 787
760 297
908 716
897 782
382 72
554 655
279 570
305 219
896 450
594 227
503 936
998 1
598 975
875 726
827 427
220 720
850 8
897 719
432 472
408 455
789 91
984 725
245 867
285 460
676 739
789 972
663 999
389 446
117 944
517 946
519 228
8 734
315 970
445 631
545 297
67 189
124 58
664 393
833 534
816 708
838 769
540 720
165 335
320 638
636 76
569 125
240 261
757 736
156 41
631 576
353 861
22 700
350 217
575 256
959 929
545 853
523 601
914 98
511 814
204 192
114 516
499 814
964 920
517 296
667 471
27 52
140 365
311 500
629 361
334 527
979 342
211 192
283 877
641 929
288 567
622 566
291 888
273 293
666 276
715 26
266 678
602 930
948 714
92 372
37 469
386 207
724 113
211 30
533 837
948 889
384 468
2 31
258 437
244 222
997 568
49 24
675 316
750 864
452 995
185 552
422 783
295 535
975 465
10 389
157 594
998 916
510 264
572 771
590 939
862 972
315 667
707 909
870 491
340 830
968 127
254 924
629 624
687 769
428 297
51 798
472 713
803 271
256 218
774 124
431 619
512 395
271 914
60 839
646 58
216 98
411 535
449 344
158 352
752 671
841 831
76 217
428 734
68 629
401 366
535 839
113 932
220 856
636 80
415 837
967 792
750 216
709 911
96 965
777 100
296 354
585 287
857 7
18 915
915 355
567 411
259 391
389 520
502 131
32 795
878 606
572 413
92 951
481 388
10 914
27 16
32 906
222 173
875 197
13 110
876 154
573 150
687 146
256 908
150 56
685 395
572 961
41 543
975 4
118 543
512 956
694 468
841 32
400 682
475 366
976 713
676 561
315 473
211 280
414 415
306 572
998 201
796 875
938 472
370 257
963 929
558 353
45 370
837 726
654 948
819 442
404 503
150 727
210 713
51 890
752 989
518 194
817 461
134 187
797 281
660 23
916 505
590 208
42 298
647 379
741 108
843 724
627 333
995 273
189 442
670 315
68 617
87 479
470 461
588 738
492 269
288 68
881 123
491 348
623 479
661 766
652 747
635 37
598 171
191 579
305 528
892 460
554 197
26 410
250 124
566 804
970 149
827 740
79 659
317 794
984 9
314 673
623 802
35 287
60 124
460 774
371 432
545 744
68 427
187 355
631 612
282 85
500 212
179 967
771 139
258 458
153 160
303 558
382 45
185 759
239 428
761 35
491 599
859 305
258 748
372 242
943 751
340 912
287 907
660 503
932 380
55 154
79 501
992 323
517 699
385 256
25 809
499 158
580 221
394 222
822 54
700 784
58 343
63 182
968 774
185 28
848 300
901 318
522 165
584 502
358 105
932 816
627 440
800 702
964 481
12 982
217 796
165 452
826 398
510 879
497 60
83 839
431 257
776 751
185 549
332 458
797 176
47 849
952 199
240 361
574 66
425 201
320 305
92 122
592 365
392 841
796 127
981 53
451 982
195 864
217 216
473 838
611 40
494 684
188 495
282 868
308 560
277 559
574 271
454 966
657 65
72 767
681 75
810 609
923 130
947 264
188 610
205 910
277 257
888 752
596 33
300 934
62 861
413 705
984 259
487 464
509 376
145 663
112 462
349 495
797 891
84 876
675 259
555 809
997 660
101 431
508 423
70 474
733 186
366 573
223 988
427 715
817 71
430 562
528 196
987 307
418 10
884 169
650 673
285 553
262 215
58 82
103 503
664 893
24 476
480 686
941 367
23 318
530 794
413 182
366 142
242 936
115 394
523 147
906 105
804 564
458 656
518 601
51 547
307 589
401 496
119 666
912 900
911 254
678 735
617 511
657 592
621 287
234 841
753 239
695 708
412 684
132 134
460 315
133 235
579 823
411 985
359 519
365 370
991 194
740 322
613 732
339 555
122 153
255 327
863 779
578 148
508 666
213 191
277 730
886 222
880 481
303 930
966 166
930 904
491 66
58 995
311 437
784 793
202 386
767 572
4 412
335 98
729 435
987 851
171 878
153 239
62 601
760 505
159 428
992 312
903 454
779 764
309 479
861 88
96 94
741 546
84 759
234 164
145 925
510 265
681 611
918 880
222 669
206 6
301 786
763 939
567 27
201 390
20 974
258 583
613 457
998 189
195 160
272 695
55 340
612 567
376 628
880 477
713 396
536 403
720 400
556 46
149 384
78 286
25 914
856 880
546 244
252 21
698 427
11 566
339 933
382 800
983 414
954 640
882 130
99 267
523 413
699 984
855 832
752 751
114 24
247 313
241 110
593 465
190 33
337 531
419 109
14 211
17 669
787 81
535 951
96 966
961 454
908 715
156 96
194 303
536 636
40 985
544 473
284 220
182 915
626 381
757 997
459 878
647 875
463 878
709 898
877 332
127 317
311 426
121 221
80 744
338 516
374 462
247 628
69 372
348 685
19 631
499 555
529 70
161 492
374 744
212 243
253 985
434 789
248 199
510 75
883 495
701 674
562 232
654 744
328 206
573 488
945 65
306 573
825 539
721 666
629 817
98 955
261 798
486 306
699 175
224 781
595 878
928 651
871 933
253 398
683 93
720 493
572 518
556 131
793 343
30 110
512 505
162 190
408 291
388 940
775 304
835 93
436 944
823 548
882 160
95 669
591 568
794 986
85 407
142 838
541 50
885 908
924 780
375 82
898 959
727 689
427 509
179 364
164 760
551 508
554 450
298 354
482 391
853 244
854 151
227 450
990 823
293 429
27 209
32 201
760 189
680 340
277 665
939 516
354 60
743 570
444 45
118 956
568 713
531 447
610 560
574 483
889 403
583 371
783 605
104 518
667 188
533 539
236 749
874 379
233 369
782 526
970 854
681 665
221 240
277 206
98 637
816 432
732 252
948 929
96 6
483 838
624 764
824 778
988 5
983 770
508 354
186 490
977 429
741 348
85 728
492 686
38 742
720 457
940 198
854 644
18 918
858 331
612 350
314 505
501 825
502 610
871 687
506 609
551 813
137 17
643 795
864 566
890 570
609 148
543 558
857 307
858 28
342 165
859 333
346 808
459 123
167 266
995 157
816 568
708 638
190 638
679 175
57 932
358 724
268 562
95 181
8 207
924 421
304 870
66 861
213 154
587 421
882 539
403 622
387 21
773 548
782 942
870 350
628 942
22 867
776 323
761 267
100 691
174 926
526 435
822 794
179 772
930 980
291 862
74 82
55 651
601 355
658 938
980 193
693 904
415 118
348 955
358 679
941 170
230 435
858 888
914 738
699 408
573 447
900 913
599 974
499 430
83 175
784 250
749 798
609 395
495 154
483 805
245 591
229 330
819 912
345 837
280 984
542 976
765 201
67 496
766 178
988 920
404 57
9 399
440 469
565 642
90 802
401 725
328 883
25 949
180 343
699 949
848 265
314 413
252 45
363 788
803 627
290 642
76 183
431 695
860 535
555 375
437 322
555 35
762 549
320 848
392 93
605 953
640 291
74 547
570 940
277 910
829 689
223 198
82 770
765 543
949 328
41 331
973 626
406 733
982 256
260 882
958 361
395 733
433 610
929 613
605 716
308 614
351 832
373 952
528 625
783 503
112 190
421 274
546 909
639 258
752 110
519 834
631 607
889 75
525 237
781 67
743 177
487 503
913 740
328 324
866 732
595 390
957 755
63 676
414 278
732 821
348 14
138 348
785 563
662 155
956 444
478 808
409 807
48 161
548 278
953 418
456 198
220 359
561 101
582 573
50 738
915 602
703 731
428 299
105 178
252 167
876 937
328 879
411 632
618 368
893 170
569 332
510 714
459 340
21 709
304 745
423 241
690 820
471 741
328 589
765 705
730 226
691 639
859 394
332 275
482 480
999 645
691 748
160 100
809 793
276 698
71 7
643 414
62 936
682 440
388 291
173 563
88 117
179 94
397 43
939 680
616 133
628 440
365 520
945 79
505 509
823 447
382 853
795 390
980 138
518 156
468 358
201 101
884 814
98 743
193 729
254 482
724 774
827 111
49 58
620 951
604 300
292 874
663 357
885 309
295 707
634 759
333 218
266 781
395 99
91 648
147 654
738 537
504 383
721 810
462 312
48 476
270 623
896 170
91 478
208 620
330 877
689 293
778 552
739 683
872 328
874 912
216 684
513 960
914 981
517 904
521 461
479 893
355 803
799 254
13 665
470 80
976 53
78 533
284 492
982 255
195 731
214 85
640 380
259 694
591 857
617 992
599 354
883 155
952 45
876 810
60 570
351 85
118 352
389 840
709 835
564 122
235 708
715 486
834 192
692 166
33 920
14 462
875 418
571 799
536 586
421 456
61 49
601 100
654 30
269 4
597 976
909 500
126 408
41 206
593 777
904 716
391 390
212 161
734 234
644 758
794 135
758 252
154 102
413 763
395 848
19 880
224 238
541 641
409 407
116 475
125 275
509 180
701 566
704 326
176 943
709 219
271 528
92 243
206 127
478 992
854 955
30 169
358 266
732 937
826 72
789 68
516 780
629 901
557 118
486 430
109 582
24 113
544 888
428 499
825 897
241 378
342 766
376 691
621 535
234 689
308 216
464 438
13 701
252 461
659 375
316 594
465 644
648 311
417 646
512 147
420 528
795 996
133 245
762 625
579 861
228 309
981 977
583 893
844 111
77 904
78 787
212 257
203 462
667 351
668 12
887 440
356 544
912 614
584 771
363 260
218 513
2 498
616 500
236 676
213 778
17 23
41 153
739 462
957 411
406 387
173 396
182 150
149 611
97 146
494 908
376 343
456 301
254 344
37 318
22 66
540 395
357 593
999 230
969 87
698 639
628 764
576 95
758 843
945 174
197 201
206 185
978 430
232 532
342 98
928 942
366 963
332 759
442 19
612 447
564 349
379 692
716 411
548 243
551 652
366 946
385 241
918 965
99 853
261 590
213 671
525 541
124 736
716 988
328 997
111 986
292 640
618 394
394 240
609 709
372 613
211 929
341 978
901 18
612 371
975 931
709 116
712 297
566 132
146 307
988 558
882 233
848 409
345 897
512 192
716 352
518 426
702 215
80 194
722 529
998 674
13 562
90 359
950 513
759 435
190 922
7 704
122 820
393 372
56 852
969 981
640 723
604 668
237 421
866 439
114 688
756 987
857 40
626 343
991 143
307 440
681 139
184 429
791 858
64 131
225 338
861 914
457 500
135 551
340 423
92 704
74 119
210 887
945 488
710 40
468 323
668 159
762 299
672 543
656 244
378 560
842 195
311 4
872 770
931 907
273 803
701 525
337 282
413 965
495 860
128 859
883 307
115 221
442 55
79 318
170 318
346 395
715 886
457 530
498 382
885 626
337 196
376 926
486 487
516 964
186 419
777 604
155 848
375 949
910 868
996 295
635 609
545 345
871 609
910 595
658 27
772 592
510 715
276 775
669 248
946 863
693 242
862 742
702 352
740 179
865 549
426 39
686 825
673 110
213 285
655 170
731 464
96 336
679 16
795 575
759 486
194 442
195 655
752 624
878 400
790 886
702 66
796 387
312 584
749 93
786 233
97 950
476 711
682 22
460 424
833 844
382 745
313 698
190 656
448 479
545 999
819 192
952 991
919 165
499 956
870 669
687 953
728 134
126 637
17 223
535 373
645 469
478 318
580 770
193 446
231 162
532 825
511 178
828 80
131 992
261 945
62 648
236 651
917 678
224 195
741 866
610 140
27 672
266 552
514 210
897 730
55 246
112 520
978 487
561 341
975 126
266 955
628 347
955 61
689 233
817 60
67 685
414 386
253 170
352 665
298 635
300 29
530 958
159 362
881 978
951 222
632 124
940 77
387 855
534 733
405 935
360 494
742 699
492 731
453 875
312 273
486 842
742 803
981 617
177 921
416 319
859 69
114 52
422 325
78 491
618 351
925 114
329 835
660 897
425 649
662 875
406 969
834 908
925 483
517 169
955 820
616 108
375 477
334 648
697 493
311 885
477 621
613 641
249 502
873 748
69 675
83 392
971 75
717 931
2 459
229 784
494 706
610 888
575 682
634 447
948 504
472 433
62 586
805 881
213 998
456 613
663 196
661 407
69 231
219 575
245 422
837 226
241 987
97 87
883 596
5 844
607 681
658 614
879 520
182 296
577 804
300 227
508 414
179 742
241 829
242 590
421 877
428 63
245 410
710 685
659 845
315 343
673 633
641 475
863 826
292 621
811 919
834 556
119 602
525 585
755 469
965 386
472 891
197 552
608 129
114 185
673 859
301 634
712 191
968 777
715 268
328 680
402 723
479 963
885 844
100 436
251 800
110 101
815 650
651 669
454 534
99 325
445 817
51 81
751 853
165 338
901 110
177 467
815 488
284 96
783 78
470 351
790 830
195 593
544 404
446 724
912 712
714 588
198 309
40 915
538 126
114 540
832 415
170 282
255 545
13 832
678 114
189 376
592 511
866 242
942 711
256 926
913 543
320 65
288 762
226 375
141 254
126 260
932 223
60 494
650 872
23 254
316 356
944 517
747 72
219 531
951 322
547 139
330 408
819 942
562 223
965 34
738 508
356 577
874 236
33 580
513 466
3 528
666 240
171 690
211 725
339 392
270 778
736 116
534 443
292 562
872 596
958 755
820 732
893 930
287 761
533 241
591 303
754 364
206 971
544 790
228 775
154 686
717 632
125 137
119 428
242 935
155 996
210 393
764 800
88 937
223 413
691 839
928 403
341 834
933 654
916 444
609 934
775 395
82 990
731 503
88 910
424 545
223 179
527 395
363 564
109 72
460 310
264 25
891 864
143 259
866 436
632 846
429 722
681 805
913 269
701 358
398 281
541 285
249 287
984 166
218 762
199 889
383 236
37 6
978 956
540 91
317 238
653 852
302 130
10 95
643 322
967 222
956 907
170 528
444 215
728 90
416 624
224 329
867 433
10 732
305 904
348 396
714 36
879 866
202 272
37 855
979 184
193 755
439 114
421 963
371 296
814 106
603 917
14 882
141 865
564 1000
728 662
487 727
361 897
845 961
408 252
172 109
193 910
125 75
951 245
225 541
135 392
46 541
584 196
394 321
148 801
25 998
389 269
779 189
930 35
343 218
661 177
997 73
321 504
603 462
173 246
440 410
975 902
670 176
337 206
532 49
111 332
4 650
901 388
902 871
850 556
134 509
60 673
795 574
235 589
369 135
66 225
544 770
201 606
218 420
716 107
130 578
919 454
273 74
950 780
899 810
592 296
443 614
956 549
246 105
244 517
710 472
527 818
126 531
153 830
970 381
239 976
311 423
773 670
903 867
550 448
329 220
631 751
524 747
652 432
857 767
109 513
171 830
144 118
624 247
188 871
960 200
524 969
267 368
534 150
992 217
258 405
992 779
173 6
400 686
150 286
7 387
845 997
173 958
962 643
284 955
413 857
234 278
755 450
891 233
188 683
216 912
762 544
628 297
923 937
968 238
798 840
996 821
358 985
715 475
203 920
152 362
760 767
209 271
670 172
798 993
198 669
697 18
347 409
242 209
1000 474
31 945
693 70
146 395
294 19
665 989
597 410
63 338
800 884
798 643
432 218
187 773
881 127
166 89
854 170
805 382
865 707
119 888
468 960
14 460
454 247
791 812
467 264
231 483
595 17
127 210
477 959
105 672
619 890
586 321
92 538
273 336
239 869
979 274
912 169
576 198
367 190
603 831
733 432
148 634
754 877
758 877
870 875
174 210
294 932
864 304
165 565
538 49
803 283
661 748
470 724
183 177
45 176
873 311
897 986
540 915
769 156
419 263
8 890
584 141
729 932
180 600
203 713
992 434
868 717
263 287
251 709
585 293
401 750
254 984
641 66
513 945
163 616
349 877
850 722
542 36
673 203
447 160
773 148
587 909
795 224
626 877
609 921
207 980
541 284
15 612
696 771
414 970
531 247
42 413
260 468
815 634
731 283
82 479
274 56
314 177
557 763
762 639
895 697
866 401
243 850
178 943
715 156
97 581
350 113
463 946
411 31
108 451
92 984
591 316
717 727
921 734
984 122
748 243
966 190
516 249
790 392
331 501
939 754
32 950
126 442
903 568
795 467
622 901
952 758
541 892
391 373
905 532
445 307
554 761
496 609
339 816
997 527
444 385
887 879
712 689
654 564
987 617
984 59
699 413
573 444
996 713
978 428
279 561
248 113
780 250
875 828
469 931
879 668
989 300
611 217
847 178
483 871
746 35
824 376
79 855
732 114
152 230
280 987
484 926
739 681
676 665
698 177
2 632
295 221
686 470
979 584
964 156
864 792
114 155
684 19
160 927
507 456
147 139
652 471
591 588
397 230
356 51
432 611
797 725
426 199
422 386
740 153
850 585
512 194
507 22
308 45
19 50
338 984
873 905
696 910
41 319
591 787
246 352
76 366
428 789
765 540
90 276
825 351
330 775
223 489
368 634
351 828
248 755
429 610
526 112
490 592
308 609
779 820
571 694
74 196
535 339
866 6
4 265
44 718
728 91
31 976
416 625
884 678
117 49
339 53
374 640
377 156
808 34
620 226
461 516
924 982
504 25
359 165
567 960
35 243
594 1000
185 706
3 337
905 909
339 329
286 448
966 358
913 618
897 877
456 491
495 842
211 259
12 368
381 79
600 361
866 573
558 479
873 271
391 908
802 789
486 266
289 846
552 724
993 934
704 575
941 318
375 518
949 979
896 193
917 181
498 463
637 64
200 673
688 242
981 595
4 740
497 158
635 976
247 494
374 930
198 694
18 456
632 542
856 914
471 599
934 341
294 48
556 735
871 273
940 872
146 55
131 409
355 119
14 70
821 894
571 903
751 765
40 989
170 320
65 62
981 120
449 159
952 882
541 480
653 742
925 577
913 121
307 406
554 893
250 212
602 609
822 854
434 47
737 718
156 544
857 853
847 769
533 658
308 923
6 754
558 831
504 198
54 750
218 904
525 415
680 216
475 500
484 387
535 202
918 54
146 795
615 24
980 363
129 487
538 77
794 499
656 496
633 363
20 895
903 196
600 557
72 70
474 294
770 283
334 346
942 565
46 574
140 519
162 75
399 266
534 723
186 325
906 90
979 512
341 551
769 450
938 459
735 59
63 238
824 430
242 127
830 324
150 970
781 768
125 914
593 416
902 832
318 11
104 243
583 517
485 570
837 789
986 241
949 491
511 574
817 240
646 325
104 258
434 399
454 970
75 387
652 785
504 695
194 271
948 272
203 39
386 733
95 93
61 989
616 268
959 996
429 537
122 221
274 262
358 757
703 483
874 675
969 717
986 552
866 95
973 793
614 801
500 449
601 410
13 60
452 620
179 812
106 553
257 586
667 3
61 272
482 967
306 153
932 165
383 389
365 890
603 830
710 118
40 301
348 979
101 549
600 380
837 113
54 869
699 368
208 270
225 265
227 839
763 777
216 304
712 884
529 610
180 938
681 959
573 633
907 45
499 545
767 935
183 753
323 178
372 413
500 714
51 812
15 649
38 538
155 794
979 540
121 772
72 320
350 683
320 842
700 506
157 89
285 4
119 361
881 687
863 619
976 133
48 680
195 299
125 950
660 935
420 652
647 747
593 285
171 827
708 634
144 725
34 601
588 16
541 134
799 934
507 430
109 132
11 666
421 24
298 469
502 93
378 103
861 538
509 628
460 917
528 521
895 879
435 261
878 539
224 557
455 702
38 354
223 314
207 297
652 490
445 356
304 632
726 735
840 666
303 890
362 450
883 796
754 684
495 738
22 214
369 650
406 113
75 632
277 268
580 747
118 702
127 932
590 516
130 254
171 918
562 221
896 553
519 649
546 384
957 604
727 618
763 789
770 155
989 5
148 381
119 794
871 779
196 1
663 543
746 179
983 802
659 728
732 482
511 538
82 227
627 741
906 899
390 240
392 87
842 753
612 751
591 838
65 612
911 295
381 494
953 213
955 547
711 634
863 591
782 521
815 680
946 777
653 265
378 455
565 977
267 690
414 551
570 825
809 519
609 789
332 404
501 571
639 869
35 971
696 911
492 338
166 23
332 491
348 2
552 420
69 744
894 865
950 951
809 801
848 841
976 286
226 981
818 561
149 986
460 534
946 333
505 139
991 495
44 824
465 789
142 489
779 900
391 442
429 771
149 644
637 825
563 906
654 503
629 765
435 47
614 459
706 926
788 924
130 579
972 160
98 590
491 652
49 18
802 560
641 758
756 191
881 872
45 102
563 729
927 88
250 740
521 793
3 526
651 138
979 777
512 756
589 506
37 787
96 177
738 736
647 222
98 771
120 311
48 52
875 569
270 663
789 121
152 114
559 867
375 950
363 982
544 498
539 971
498 95
872 336
247 376
449 673
18 908
677 841
623 13
919 796
332 218
461 314
669 245
270 288
199 394
54 395
973 351
326 408
835 130
569 50
238 839
518 405
888 218
649 458
635 817
768 456
256 540
701 422
556 623
703 232
822 118
71 114
553 759
317 46
778 512
47 133
355 376
471 805
75 196
667 280
192 952
193 145
221 291
477 857
207 368
463 794
890 50
253 754
279 899
519 781
80 892
101 814
981 458
766 592
322 729
567 513
71 733
54 636
143 805
2 219
719 378
595 328
904 675
979 233
69 145
552 117
900 567
595 313
814 21
214 993
909 831
50 396
555 999
75 657
264 574
906 519
219 970
20 649
186 241
22 363
504 781
758 545
978 177
868 580
336 701
689 127
768 842
422 527
101 196
675 141
58 137
223 561
578 960
890 990
263 330
907 334
544 975
780 711
765 415
199 679
436 957
132 406
703 985
773 285
569 477
848 100
725 738
856 623
640 368
750 15
679 49
114 277
118 501
854 57
160 21
622 965
915 423
990 681
402 174
958 459
950 895
934 80
991 1
38 963
8 114
986 899
74 345
15 399
539 305
134 795
457 288
934 818
97 793
516 266
316 125
338 485
355 449
878 453
691 27
395 630
407 652
472 291
951 597
884 616
353 224
575 949
157 976
670 923
732 548
457 2
809 309
761 76
592 655
69 117
306 361
128 585
861 249
76 919
344 916
115 971
830 684
671 872
965 75
749 932
168 489
850 253
63 760
779 315
732 249
325 317
534 35
37 796
67 625
82 34
870 75
237 124
550 825
242 732
63 990
671 31
693 627
275 710
112 868
958 585
82 324
884 369
902 112
689 325
552 971
648 940
683 355
665 748
941 551
91 220
147 222
510 144
80 75
777 891
975 888
610 290
787 430
990 619
419 978
783 941
924 419
63 483
349 559
13 522
730 44
25 86
937 398
869 679
342 809
146 124
593 685
191 385
618 776
947 850
885 343
714 587
753 39
277 855
26 585
414 346
113 465
666 537
204 1000
986 534
611 191
226 131
389 731
66 632
359 477
253 698
14 712
494 594
131 940
44 635
795 469
650 556
473 667
628 585
538 369
666 934
110 895
827 853
334 327
335 170
991 863
590 692
81 932
7 436
465 261
488 930
456 64
556 403
205 379
261 569
617 651
262 652
551 648
897 33
534 446
385 245
231 568
916 234
771 681
519 63
354 889
686 468
824 521
396 930
493 354
762 853
484 123
785 918
253 25
258 782
82 586
670 91
802 435
803 630
329 911
509 521
206 792
657 697
924 385
570 966
437 333
590 445
593 495
613 996
835 310
138 938
877 943
582 571
596 681
834 98
156 26
255 764
751 731
899 930
131 460
995 13
99 64
463 995
429 719
288 241
952 856
19 387
773 790
170 765
333 799
887 408
710 499
437 782
737 567
494 850
226 52
808 262
184 544
244 912
909 518
357 671
383 463
754 721
26 254
64 421
374 646
454 110
149 756
98 732
830 661
463 468
233 419
127 859
645 800
278 843
547 366
380 549
590 656
224 25
279 599
11 989
237 353
97 382
465 498
871 814
716 877
642 840
534 346
349 512
337 56
229 506
656 692
769 75
954 57
846 75
637 94
881 532
863 908
845 177
739 690
607 205
299 21
926 178
765 506
786 545
309 84
940 282
155 626
393 41
512 49
659 322
147 22
531 892
345 145
329 820
237 99
130 831
186 995
119 67
342 230
492 183
123 992
374 183
393 404
974 526
535 546
294 980
152 973
81 685
880 359
75 199
863 102
247 989
675 820
974 627
513 787
610 195
368 218
646 252
608 549
64 227
887 749
1000 943
527 940
547 472
217 395
19 637
278 154
596 129
979 379
228 475
952 705
936 70
921 438
280 554
210 855
359 819
605 382
990 296
24 559
900 560
315 240
776 638
693 971
967 944
550 560
111 602
112 524
597 635
62 354
694 431
567 855
556 452
97 297
280 887
158 399
393 568
713 231
82 935
704 494
353 752
289 659
88 536
2 655
846 52
978 148
789 394
941 961
295 696
604 544
775 153
375 917
936 39
251 683
309 7
627 52
129 929
955 509
461 332
856 850
730 823
726 210
777 862
171 187
912 947
730 934
40 264
887 805
754 115
591 804
345 30
18 204
687 650
527 125
621 114
87 570
308 261
518 656
317 49
264 163
308 404
990 968
274 100
960 363
313 543
161 926
255 490
771 325
113 389
574 282
995 803
709 753
201 810
59 452
520 850
683 654
706 99
28 473
840 719
154 932
987 864
811 720
532 985
921 402
6 732
227 619
529 181
912 59
861 248
130 24
335 209
862 555
429 108
605 879
221 202
594 868
758 915
172 274
413 536
180 773
698 838
220 6
183 178
42 802
849 434
25 16
478 858
816 261
339 496
824 784
492 902
756 103
958 767
775 991
329 582
569 572
343 46
471 469
563 263
77 126
775 253
891 914
727 132
394 168
124 447
664 6
439 744
264 692
263 574
926 138
843 536
181 81
886 670
225 917
464 427
360 236
532 997
311 951
114 423
597 458
467 749
854 491
489 921
19 136
763 185
556 673
890 439
377 728
895 698
215 532
221 983
847 775
556 560
954 27
302 392
956 669
999 904
151 893
652 646
965 871
711 101
506 889
239 932
511 899
297 89
279 25
321 771
875 356
804 650
257 571
369 575
959 760
981 272
451 765
468 197
964 144
880 141
40 68
719 396
903 565
226 371
390 904
46 222
943 852
965 780
235 227
684 932
173 169
908 92
527 698
128 598
827 852
554 740
331 677
893 747
569 781
658 582
456 498
689 164
411 336
432 75
127 644
468 167
747 507
951 237
220 409
93 645
646 677
115 117
777 730
775 963
408 19
86 566
110 238
347 6
374 351
628 189
629 612
287 392
765 100
893 47
894 344
141 864
436 848
642 903
574 602
719 56
543 325
837 568
723 939
16 726
542 7
835 27
587 938
90 78
702 329
406 794
171 131
258 820
570 943
181 806
717 180
898 974
354 442
502 866
801 249
677 518
548 914
437 765
73 226
469 204
199 87
807 788
148 660
316 849
801 475
400 476
950 804
203 481
27 159
981 210
146 309
994 95
957 73
207 414
838 102
908 915
1000 948
732 719
370 904
22 769
574 466
596 366
598 436
271 21
88 189
969 276
611 811
193 582
396 477
879 878
540 334
795 289
689 998
616 770
305 29
738 301
448 547
512 936
654 535
111 694
348 4
154 893
980 449
988 84
664 898
955 133
405 172
334 66
488 379
654 817
931 236
384 121
332 615
208 413
44 51
746 149
489 388
64 768
941 819
932 913
627 91
275 366
958 913
812 93
542 208
881 740
261 208
9 143
483 320
545 461
945 619
407 572
328 627
741 193
109 75
265 102
108 578
569 48
845 577
591 835
317 330
713 105
360 947
783 29
803 883
860 864
700 909
756 817
378 187
360 962
347 716
41 425
597 228
432 212
804 514
36 660
398 855
791 772
729 69
584 832
514 619
986 604
58 799
844 658
648 509
502 266
32 898
876 3
164 135
957 478
598 464
448 674
785 213
861 866
495 548
779 563
446 812
288 730
643 64
690 477
35 144
644 574
408 318
653 312
215 259
931 938
35 97
642 11
145 993
756 157
653 393
953 599
475 151
577 919
470 942
399 39
408 75
337 27
121 764
285 283
656 657
649 219
863 850
738 885
208 264
926 28
659 387
508 59
474 71
20 207
591 400
760 660
266 331
734 852
660 31
501 735
137 510
838 822
17 592
329 838
721 232
133 10
816 644
764 74
431 373
413 266
949 488
181 798
644 410
912 576
80 143
481 328
814 432
673 510
982 96
215 627
623 374
420 585
312 850
994 690
332 301
848 925
29 459
13 966
142 26
218 388
331 239
227 430
320 348
49 946
770 626
93 246
922 681
697 579
790 480
924 382
249 68
601 415
984 17
628 960
773 527
245 48
926 883
636 679
306 148
554 638
645 581
704 15
390 820
260 741
814 196
46 50
178 346
895 59
589 892
291 137
664 685
771 243
644 643
941 191
806 673
330 593
504 84
710 900
509 831
37 614
130 136
947 173
98 628
590 120
84 711
68 332
372 250
193 985
453 391
266 186
909 660
694 170
839 870
608 23
275 712
257 469
542 782
413 170
975 548
318 377
248 498
492 564
842 811
902 1
933 661
536 52
65 959
212 954
556 787
189 470
389 244
805 152
303 338
18 158
994 743
61 796
191 393
783 85
404 615
446 729
798 626
910 72
749 32
145 178
44 960
960 729
902 732
373 828
565 446
913 181
573 199
455 298
39 555
675 975
322 637
987 929
967 399
574 311
575 602
654 367
161 468
469 619
40 69
724 503
446 789
912 137
913 864
51 635
538 383
577 275
649 702
690 18
709 502
367 962
813 344
816 452
148 393
811 699
295 618
244 114
961 670
34 496
935 602
130 912
63 623
564 896
943 651
840 168
803 60
354 408
419 295
257 384
759 807
707 920
141 782
219 210
906 910
634 779
876 956
932 638
483 470
822 133
561 941
842 990
275 51
740 133
105 394
713 843
971 347
679 106
146 457
626 111
221 905
773 114
316 995
762 671
815 395
891 113
732 785
751 741
113 145
479 486
853 181
247 842
708 744
855 523
127 432
124 527
900 26
114 573
412 300
333 797
943 420
545 989
692 868
201 647
844 367
97 982
23 458
596 504
745 962
616 470
959 654
32 871
16 284
70 995
83 276
429 768
895 157
625 489
515 906
946 573
338 314
357 750
709 345
179 918
571 424
827 770
185 920
70 653
395 158
515 161
225 197
443 138
943 585
68 373
965 1
366 630
6 967
290 138
791 506
746 27
432 199
768 865
861 370
534 344
104 735
124 258
414 74
290 108
77 180
33 310
290 479
474 96
811 867
760 889
959 443
428 433
855 122
531 672
720 295
495 379
593 440
544 644
981 689
489 967
807 981
665 964
8 449
454 208
605 918
160 729
750 225
831 429
165 277
95 980
207 686
118 287
320 450
910 401
792 624
499 868
117 733
961 79
420 820
106 342
1000 514
639 457
913 125
145 11
756 455
77 447
331 288
518 980
433 272
929 336
709 684
417 868
144 770
861 865
482 942
46 23
164 333
382 175
681 276
282 489
980 256
49 418
88 440
590 579
591 456
500 941
282 280
84 684
234 113
641 727
830 926
171 608
465 323
358 406
750 326
201 473
665 305
439 883
668 959
629 736
390 413
102 907
545 542
159 336
236 837
275 687
702 714
353 615
391 893
718 112
77 88
24 28
977 767
574 510
870 287
954 842
403 192
441 117
404 367
333 447
426 227
726 446
798 91
419 682
167 56
423 146
908 822
228 58
103 874
273 749
716 343
365 127
207 222
792 319
920 884
134 466
636 30
6 938
677 588
753 222
365 16
458 434
665 928
320 447
450 782
895 640
808 644
591 983
26 705
65 109
283 210
411 921
373 173
531 120
878 289
274 499
959 992
639 540
632 464
666 512
725 35
728 249
47 11
477 954
995 805
338 480
305 745
70 43
629 236
112 253
313 954
585 946
141 212
678 389
2 186
22 185
426 990
832 117
170 868
597 827
709 273
839 914
201 10
457 144
481 196
480 95
220 95
101 545
466 94
413 613
287 92
419 44
535 234
707 641
687 415
525 272
763 781
894 241
325 314
552 370
664 588
650 547
998 19
102 36
403 593
471 241
474 663
400 542
997 857
859 872
327 982
293 834
96 380
333 65
462 287
912 95
555 384
225 713
542 158
894 653
931 389
574 171
295 26
171 8
490 826
427 401
314 969
261 23
651 659
51 639
489 526
787 435
751 994
934 399
743 914
246 750
673 40
859 325
60 614
812 565
564 182
415 772
878 338
679 167
826 745
310 464
95 44
170 373
407 352
669 845
48 793
9 942
36 606
63 359
807 707
106 646
964 942
549 792
545 929
430 413
365 568
22 891
562 356
468 199
148 709
978 99
107 30
953 978
61 417
291 164
845 757
405 436
872 813
908 45
547 375
819 762
846 433
877 5
755 760
370 550
414 333
179 712
748 828
866 530
614 156
337 320
470 612
665 91
73 734
862 990
846 451
758 555
98 891
409 764
613 437
985 797
471 10
73 687
572 599
116 843
959 305
77 438
447 493
587 846
669 793
72 273
154 731
287 517
272 866
627 494
593 194
920 910
778 468
945 589
233 691
414 920
921 737
129 536
919 869
168 711
530 580
315 680
751 774
809 523
379 550
63 256
621 278
87 414
643 652
844 59
173 805
375 387
692 71
985 892
695 844
863 510
131 305
820 419
326 348
237 303
610 843
517 397
352 935
28 310
333 796
744 669
486 534
303 964
509 850
35 698
953 558
937 26
634 180
529 661
972 416
470 809
532 701
23 58
563 97
467 180
640 790
495 514
616 757
174 45
636 744
692 554
54 519
199 554
257 807
888 277
818 192
556 827
965 127
126 181
733 499
326 939
793 774
961 712
874 187
90 714
93 965
847 236
358 491
383 524
681 114
774 441
323 977
234 316
971 941
560 196
23 732
488 954
46 551
506 860
124 259
935 351
276 40
833 829
983 179
198 905
72 269
868 785
315 627
60 118
251 881
231 160
368 563
704 780
424 997
759 729
480 929
501 761
172 943
711 602
33 23
454 705
200 544
441 937
901 398
760 600
445 770
764 32
12 919
825 156
610 666
76 34
167 373
816 617
602 54
19 194
916 700
4 918
955 926
761 655
706 24
908 764
122 851
393 409
415 988
627 518
278 460
61 948
799 890
251 298
493 681
758 351
62 454
134 819
339 703
485 965
737 592
865 411
296 138
524 530
982 518
749 265
456 624
790 437
922 885
687 55
504 860
181 914
509 469
770 801
109 763
828 111
496 704
903 639
123 847
466 488
365 802
206 478
481 237
681 676
577 587
671 769
934 611
505 592
931 940
179 659
275 976
257 45
748 931
442 99
724 893
618 152
656 501
56 191
422 944
59 982
854 919
466 812
567 118
612 589
149 201
775 5
584 230
551 121
34 27
681 864
521 539
168 845
113 85
159 625
648 936
475 804
149 427
47 752
176 455
450 250
416 310
99 705
714 652
213 329
341 772
185 363
436 40
960 930
833 468
975 785
962 240
621 333
177 892
570 936
952 70
592 93
585 89
63 344
97 648
471 999
537 703
869 528
108 326
291 766
517 436
131 265
778 544
672 35
709 887
776 193
952 195
502 229
674 736
255 407
535 289
853 334
800 646
606 142
884 628
768 411
102 409
549 214
988 474
382 889
843 505
903 611
838 188
89 595
732 143
809 330
828 482
244 233
779 686
410 263
213 690
852 351
661 747
538 938
261 705
906 694
48 146
357 872
643 579
876 692
978 11
462 493
870 478
85 894
546 480
251 618
197 896
20 911
100 349
392 622
196 200
941 658
465 217
358 620
397 884
270 450
928 817
42 357
349 871
856 817
17 929
43 31
276 966
460 43
959 67
677 670
952 499
591 660
320 621
906 300
344 355
981 44
165 347
95 926
960 573
833 289
869 675
119 4
659 742
255 708
458 294
407 355
11 161
213 48
860 985
882 641
350 123
957 177
534 314
905 334
105 932
455 292
670 729
469 504
326 19
503 554
792 839
61 222
265 969
620 51
221 408
944 941
338 340
545 642
165 753
887 66
408 602
701 737
633 155
119 864
500 998
664 937
280 946
980 543
224 863
703 601
444 209
745 211
581 893
965 478
197 612
660 268
664 839
962 628
696 600
128 4
850 801
379 283
640 111
569 319
436 962
1000 156
310 943
422 309
171 119
364 604
76 338
503 43
184 121
510 945
809 643
100 181
484 724
30 728
75 497
331 75
406 635
652 839
235 759
132 31
481 683
703 320
83 330
677 357
515 598
751 596
341 850
494 743
668 104
621 200
783 329
145 45
662 522
402 404
350 486
297 250
596 506
706 326
434 5
622 594
951 616
580 790
834 888
874 631
340 431
362 291
217 476
808 153
421 746
848 650
36 87
839 964
679 799
519 970
331 757
776 582
117 172
700 253
280 752
23 904
780 5
874 184
140 932
767 183
509 131
519 744
757 365
336 583
408 340
135 227
822 315
271 547
275 548
159 854
871 23
48 90
637 376
693 518
822 426
471 184
770 305
989 443
505 746
973 500
34 244
767 634
536 366
20 71
148 124
442 208
634 813
935 303
494 101
793 498
189 713
544 952
211 837
954 535
217 640
589 168
792 182
843 549
271 20
989 895
919 648
150 915
742 537
302 890
458 412
76 35
518 398
646 339
498 909
744 77
290 897
368 353
288 69
1 959
82 791
511 870
95 103
481 695
249 339
138 684
415 620
143 669
353 509
596 431
333 831
602 760
155 984
913 115
169 387
779 854
905 535
654 186
515 375
323 860
297 359
437 535
504 861
505 388
515 993
645 622
408 611
177 154
505 373
2 71
249 888
876 435
610 259
576 415
262 428
120 11
266 931
909 907
201 334
917 384
613 713
594 783
496 830
365 338
462 103
229 312
789 871
190 794
92 224
510 339
774 410
219 560
290 197
154 975
998 196
585 417
219 239
82 349
46 576
506 881
492 700
113 561
284 910
918 628
172 456
172 878
565 705
16 642
91 70
698 482
458 847
498 124
775 298
669 291
375 774
807 665
342 437
74 831
622 802
310 919
479 868
996 82
467 868
252 418
859 202
761 475
769 742
932 2
692 282
694 186
45 264
74 529
860 720
541 11
854 50
268 945
991 255
369 164
756 784
649 122
905 192
264 216
40 959
834 217
174 686
557 146
892 455
344 85
553 359
521 187
705 44
647 833
317 190
134 796
819 36
748 134
805 89
109 956
274 659
27 969
79 695
767 267
622 522
623 823
19 669
573 94
408 720
870 512
762 137
658 129
553 146
681 485
496 749
957 336
481 159
580 765
106 868
733 393
383 272
277 355
831 780
689 803
905 894
413 611
804 116
953 662
166 841
919 234
136 780
867 140
324 209
306 580
721 611
558 430
48 147
193 990
404 184
650 688
449 977
778 220
530 813
807 347
555 386
521 623
426 306
11 340
431 583
472 652
567 379
845 117
539 950
439 740
975 982
599 74
690 866
418 417
272 48
298 923
775 415
839 396
621 671
735 427
601 915
344 356
911 28
859 327
535 896
282 550
105 717
882 815
379 623
976 296
333 997
446 732
138 661
108 980
342 925
776 111
260 128
173 737
88 903
862 215
330 972
114 615
227 348
653 808
697 604
536 734
991 262
278 215
761 273
834 479
726 721
175 341
838 511
452 590
14 717
754 678
352 362
903 561
196 587
69 195
469 729
291 217
823 305
6 656
515 96
254 464
420 658
865 29
168 315
278 928
652 85
177 51
345 945
605 211
823 156
183 125
519 647
477 320
996 334
490 221
366 968
277 89
263 90
949 599
608 71
71 953
609 498
112 822
387 774
543 35
512 669
654 968
345 764
732 504
441 209
449 558
671 143
251 742
324 378
660 252
169 988
419 518
831 373
319 33
11 368
540 757
793 390
760 719
941 518
19 990
180 456
436 114
932 863
522 991
937 761
358 875
731 463
878 18
436 225
476 982
100 182
303 371
235 601
752 589
768 482
806 366
535 932
94 428
848 176
385 854
693 972
338 866
815 404
448 302
661 714
76 500
62 345
999 744
428 931
881 137
277 886
485 461
499 826
175 11
30 778
269 242
291 518
273 247
522 811
256 963
959 651
943 22
784 645
434 2
911 564
334 539
302 245
897 555
291 868
809 231
447 873
952 665
202 280
740 792
376 491
602 857
487 489
681 334
408 294
317 499
641 712
428 104
893 892
110 638
609 429
939 397
188 552
137 522
796 13
980 572
324 440
73 760
400 600
992 386
793 215
245 986
690 633
529 701
732 476
453 749
517 760
920 206
225 646
890 964
485 220
489 281
132 553
81 71
389 390
800 109
925 244
234 623
220 526
957 825
812 330
232 68
747 807
436 86
767 955
901 396
314 250
318 22
48 630
638 607
623 233
915 32
305 434
476 809
143 728
7 135
41 429
963 522
714 908
587 406
95 247
294 668
818 862
585 697
953 289
35 600
572 401
458 81
419 579
160 147
601 391
639 347
252 801
573 57
631 743
745 844
192 92
799 555
952 710
116 299
44 568
975 851
945 259
528 373
267 283
141 318
465 143
899 494
406 162
926 565
603 856
568 901
371 859
974 801
225 230
353 809
362 395
837 23
875 876
414 376
775 865
449 859
177 468
110 538
20 774
704 483
910 875
181 309
128 175
941 283
67 434
875 539
162 66
115 478
9 461
232 314
735 789
362 525
129 932
149 440
66 281
271 899
506 592
158 313
788 208
238 11
510 748
682 998
26 955
423 143
760 519
869 427
375 182
623 156
123 182
694 697
492 257
310 258
20 408
593 298
26 861
122 770
453 623
331 18
792 544
811 268
43 678
297 601
922 514
562 541
134 642
250 17
503 417
397 500
990 973
351 893
766 916
13 164
394 934
737 626
80 992
814 494
942 291
744 614
653 159
787 562
684 814
166 541
597 855
926 887
691 142
620 88
390 325
19 781
611 871
685 404
671 705
374 707
14 528
520 949
150 208
334 365
192 326
656 53
140 926
732 832
550 593
150 323
516 445
67 739
440 62
608 973
475 326
131 626
210 233
410 551
488 987
417 321
237 704
127 636
992 475
168 525
522 484
794 321
618 13
89 238
893 917
987 336
312 472
901 512
439 961
388 597
874 229
65 736
707 817
907 578
46 605
674 410
695 304
129 791
262 981
121 781
519 400
323 201
915 781
38 620
574 562
691 882
48 720
768 249
114 81
422 414
647 339
480 875
138 801
569 3
510 923
223 326
686 894
66 31
269 410
380 355
734 598
990 764
556 670
868 152
462 841
105 716
531 40
682 68
630 438
422 203
246 399
420 331
602 415
226 895
126 881
308 742
471 890
387 241
227 462
167 618
221 756
403 635
300 741
248 590
843 185
592 391
136 749
501 21
943 226
913 373
236 294
54 741
19 696
244 809
335 402
192 132
504 150
764 609
608 651
206 276
957 740
889 150
395 199
287 61
128 986
412 450
895 54
617 764
598 873
124 532
508 443
456 70
441 502
258 708
408 233
851 191
390 457
153 755
671 104
837 356
441 359
558 254
120 290
67 509
361 216
889 935
309 344
295 213
137 719
157 276
341 631
217 569
324 379
876 952
860 341
203 634
404 435
703 825
405 998
318 281
189 532
595 529
190 215
980 989
660 562
811 25
778 418
411 695
284 447
123 129
111 416
464 283
797 247
122 971
907 923
584 764
894 793
960 539
706 51
946 610
29 286
74 697
170 340
265 696
618 854
621 53
402 259
386 668
501 215
174 743
909 336
184 439
256 964
313 789
463 783
526 491
198 40
588 864
681 2
644 914
404 735
832 146
349 761
356 812
361 606
586 385
914 392
164 255
21 259
849 817
758 131
136 536
913 832
754 858
740 793
561 647
68 482
107 396
893 168
296 89
684 532
611 524
413 554
159 90
733 97
93 962
976 730
187 133
996 661
67 699
997 37
231 884
793 37
847 158
595 241
23 616
265 962
567 111
127 564
898 504
2 677
210 320
487 237
910 831
586 551
660 290
458 966
383 879
765 860
194 972
780 587
163 185
4 605
77 1
428 429
858 278
363 860
939 59
578 665
858 185
270 299
697 253
788 172
661 410
206 633
355 765
352 373
665 968
320 599
268 911
215 618
916 703
870 674
236 170
938 930
736 845
91 710
316 225
320 228
687 174
400 332
37 9
922 705
830 974
943 53
912 311
291 946
135 637
157 965
230 645
840 729
490 350
110 991
619 218
308 867
774 860
478 439
600 249
31 845
297 549
515 112
843 431
537 712
61 486
84 825
654 581
443 170
483 969
675 455
487 669
89 790
625 836
935 905
258 285
465 327
965 370
920 269
975 297
971 331
555 523
175 934
537 181
132 639
417 119
401 650
399 131
295 114
940 357
964 355
934 716
803 679
237 799
972 854
759 702
545 492
95 790
584 744
759 303
134 470
322 174
488 346
113 115
226 690
427 489
526 871
857 332
327 80
94 357
386 546
482 458
946 554
967 128
41 392
332 278
892 449
195 883
143 755
758 990
682 102
526 48
889 797
911 766
274 657
826 930
692 975
81 991
472 298
993 344
406 109
981 503
576 706
454 281
336 852
995 519
656 167
842 190
817 897
480 83
269 765
708 361
867 686
687 411
840 290
453 497
140 749
974 21
780 862
429 264
642 155
606 600
457 583
945 940
103 454
435 443
949 787
253 422
399 374
332 827
594 418
685 889
945 724
458 865
759 749
372 326
375 228
734 821
294 330
795 723
647 338
834 887
427 311
91 834
661 466
167 169
616 35
134 434
561 614
912 804
42 597
169 797
618 992
195 561
17 337
150 520
511 683
256 731
683 804
192 729
490 978
626 294
810 161
370 355
905 371
98 784
148 995
267 812
689 641
729 128
967 394
511 30
4 286
351 993
356 777
850 882
899 11
740 919
690 188
140 93
912 142
736 450
808 79
883 661
353 118
540 414
135 986
528 446
487 455
715 672
864 358
628 711
465 749
407 518
410 358
766 333
987 608
126 236
511 957
834 510
77 472
166 875
961 657
361 924
628 485
77 425
371 116
279 697
449 770
563 626
968 482
72 55
813 134
673 531
785 877
664 842
924 644
390 232
232 332
380 63
989 630
60 962
976 827
447 145
788 26
596 164
765 320
56 216
589 18
256 490
155 540
112 987
356 139
564 368
217 843
159 872
56 71
899 653
937 578
487 85
360 861
380 384
91 991
811 454
905 141
999 661
800 454
434 335
19 283
458 345
242 496
722 806
411 69
400 466
899 824
648 120
316 222
17 95
5 566
541 388
50 481
468 112
666 759
482 788
624 85
93 142
40 38
538 301
558 808
136 537
106 811
583 303
767 82
608 569
680 86
115 539
408 441
260 698
745 624
67 924
267 334
491 815
130 218
995 584
580 582
619 488
893 649
262 697
793 841
202 760
191 237
646 165
174 386
71 782
595 240
278 684
444 668
448 711
638 54
142 707
774 332
854 472
674 336
880 952
570 417
219 53
702 674
849 158
887 206
315 518
923 967
798 209
102 706
17 844
270 526
648 762
955 470
629 755
6 4
523 170
753 459
298 229
129 975
111 481
52 241
979 805
436 80
897 450
185 464
265 104
29 223
859 272
532 170
792 343
995 368
800 866
854 21
345 11
973 441
920 571
839 464
217 65
914 41
492 61
627 522
26 537
557 843
714 758
764 369
218 605
513 609
196 856
737 596
711 301
652 475
355 429
728 145
212 34
766 969
108 147
550 510
679 734
829 263
575 921
814 323
374 330
801 692
235 16
953 925
914 493
883 732
866 914
740 943
524 876
250 447
141 316
576 720
420 501
205 585
595 449
904 570
376 9
451 473
275 871
292 783
274 878
380 943
819 566
944 293
157 520
158 867
290 171
400 567
664 996
116 233
228 995
871 843
430 631
915 533
879 332
349 637
667 325
216 922
413 192
882 499
298 640
380 4
561 927
825 994
561 107
138 779
322 60
566 347
772 718
81 323
815 616
617 273
679 41
57 810
313 400
241 540
463 642
711 344
622 973
221 972
921 942
792 710
22 856
173 873
249 387
988 878
536 551
131 269
958 322
190 808
321 911
236 30
848 920
479 330
541 475
579 536
429 695
602 677
409 397
616 531
598 391
625 475
700 467
500 377
102 413
339 957
265 802
88 379
473 647
737 850
130 96
442 446
406 221
615 849
192 297
568 564
315 21
483 919
888 522
767 251
568 931
310 488
607 514
644 536
614 282
119 920
442 785
12 162
234 94
718 260
477 490
222 822
297 796
870 67
785 759
422 976
633 477
61 76
564 857
160 687
582 486
462 352
764 928
507 329
513 30
936 643
782 821
154 704
629 683
618 363
530 714
608 506
829 990
42 496
985 887
134 288
797 96
673 178
982 164
416 197
125 589
436 8
7 579
507 245
324 965
626 69
937 502
895 675
199 104
130 913
46 240
866 423
598 86
526 243
911 831
515 638
442 798
423 753
852 997
654 87
855 722
348 580
452 570
182 711
818 282
519 828
44 732
603 66
785 6
861 819
808 161
862 500
707 988
174 26
624 185
572 185
844 950
349 112
310 564
433 61
953 838
400 962
978 275
308 75
229 897
124 935
34 411
128 988
864 470
538 27
957 595
379 124
598 879
305 212
314 894
223 962
723 394
393 633
301 800
115 122
334 152
963 296
33 691
915 589
765 125
751 190
54 154
898 564
828 20
484 890
485 310
267 975
551 887
897 372
402 810
722 483
355 790
360 160
218 2
146 295
773 346
941 233
794 871
65 925
392 251
653 311
167 332
830 404
189 500
428 888
468 701
198 610
716 491
592 25
313 456
425 134
852 539
9 967
800 950
765 530
198 509
694 534
62 951
630 400
77 560
943 317
657 876
126 659
539 320
276 820
737 591
314 951
866 173
938 750
481 393
961 135
198 46
829 136
444 234
563 100
788 839
369 845
6 823
463 47
235 196
520 992
316 259
586 97
737 11
3 347
499 488
707 719
463 333
241 865
168 425
854 797
814 838
970 738
183 243
441 272
404 140
11 34
395 451
181 478
314 241
25 834
483 538
101 215
530 993
490 564
928 434
604 18
753 48
589 322
238 272
755 102
850 878
810 230
697 674
642 610
312 257
489 29
318 315
599 926
158 192
234 618
481 783
651 833
410 977
52 242
218 230
381 634
972 899
906 273
480 277
802 350
949 413
290 554
40 681
94 508
955 639
339 681
743 977
251 195
146 45
130 934
619 732
946 516
88 804
52 903
147 877
133 322
62 376
839 96
986 948
240 62
421 455
204 985
608 401
784 597
910 152
269 19
786 511
273 208
990 103
710 358
287 435
531 433
398 632
537 940
865 271
867 329
1 639
224 352
675 747
162 554
568 537
127 918
719 242
888 310
904 571
232 698
693 979
395 176
288 488
456 418
275 870
222 585
225 251
776 757
819 569
713 30
935 907
280 895
926 730
501 11
537 409
107 835
515 862
305 365
881 974
788 270
880 743
558 368
549 492
543 484
46 580
845 274
819 836
775 145
264 561
561 781
377 22
376 565
786 746
586 680
242 994
78 324
411 595
100 901
985 634
380 116
971 571
163 710
226 622
155 598
817 581
394 414
165 465
480 153
960 935
744 30
891 209
432 692
329 728
445 146
428 832
949 354
807 836
812 990
322 334
473 202
626 256
274 493
244 643
448 797
601 198
696 174
239 744
250 143
929 568
826 928
22 849
739 449
355 456
598 388
927 378
416 580
31 817
260 605
299 473
653 994
912 164
827 979
370 858
886 306
694 904
616 818
359 150
37 414
184 830
166 754
392 983
927 747
514 138
240 629
249 649
380 613
162 272
499 81
672 817
656 470
101 462
324 108
163 166
456 188
590 835
684 508
777 678
426 540
711 981
488 877
569 580
176 186
282 290
590 29
332 821
556 732
462 656
524 443
789 809
744 348
356 2
901 432
191 331
78 467
753 247
360 212
406 993
786 931
635 771
708 989
583 739
325 767
952 103
61 789
463 609
849 875
54 922
611 379
722 832
246 386
779 295
235 671
363 354
754 369
425 75
786 436
277 719
321 795
553 464
666 657
904 774
422 174
374 256
446 909
430 22
71 480
499 753
265 861
96 39
236 688
109 702
353 116
908 84
488 653
93 74
847 97
206 283
558 236
600 290
659 919
182 256
2 954
920 425
847 22
67 358
784 232
861 502
352 170
780 892
819 926
8 769
872 576
51 997
582 451
841 715
698 68
755 909
846 116
689 271
11 231
166 918
988 797
203 639
664 251
276 129
3 843
449 723
474 6
989 741
703 907
764 171
117 831
564 370
602 173
532 528
837 834
786 980
753 271
492 309
494 287
579 151
862 897
216 399
821 254
569 141
147 995
38 745
209 622
913 360
188 688
960 653
562 593
607 941
344 98
472 87
329 498
848 978
259 51
728 264
363 223
914 229
136 317
190 624
505 2
235 921
531 404
952 959
83 285
16 418
288 583
738 195
166 600
424 135
867 445
121 195
339 116
106 809
920 55
732 402
187 440
983 801
987 721
314 813
637 529
505 702
713 97
861 425
366 633
604 461
36 353
776 824
814 848
194 553
11 37
603 655
766 73
328 959
959 751
664 825
594 70
864 832
523 95
85 674
660 156
773 411
258 888
741 23
