958
575 683
581 907
465 360
41 305
685 526
609 125
395 21
232 222
249 691
91 150
726 798
553 143
143 548
180 449
80 380
800 719
218 141
9 6
349 66
354 557
611 270
490 131
863 93
27 794
311 644
247 93
560 457
717 590
812 928
176 347
92 262
885 710
670 616
39 3
377 384
450 913
745 299
647 774
861 587
57 15
483 213
109 844
172 123
422 693
5 102
892 158
263 12
737 264
617 486
165 357
17 25
90 177
227 49
260 502
104 720
667 287
684 578
600 607
958 44
4 18
738 694
335 749
58 836
148 77
931 900
182 116
291 237
11 55
221 802
138 782
204 8
42 21
555 74
279 246
36 48
293 70
30 186
14 334
89 309
6 75
61 24
181 284
144 93
11 216
16 278
176 19
56 467
296 375
488 4
422 370
15 10
88 456
500 70
75 130
444 252
180 206
238 455
584 629
232 621
154 162
157 69
71 454
324 230
223 112
353 740
439 295
31 81
345 106
318 230
923 758
637 629
173 165
70 210
389 520
120 678
247 622
465 485
676 14
80 875
276 752
409 501
30 59
20 765
900 505
103 642
219 377
869 444
115 643
563 270
659 73
276 382
665 615
645 385
47 137
337 287
809 235
458 369
53 927
34 112
317 77
309 526
447 88
905 190
98 840
316 350
34 597
100 544
820 823
914 532
275 903
806 453
247 876
705 829
139 76
7 28
920 3
105 217
338 163
699 334
886 287
751 542
452 115
107 174
49 2
271 2
403 121
58 904
788 38
479 152
73 468
586 118
316 153
710 435
295 753
149 64
421 934
423 323
131 845
125 31
814 227
562 382
770 655
164 367
228 336
3 50
93 198
381 742
218 437
80 582
475 83
569 163
915 526
119 417
33 71
472 323
488 707
785 15
436 24
251 342
723 693
853 640
223 297
776 447
351 5
152 689
54 105
747 414
370 784
446 211
16 7
177 260
53 63
505 502
330 256
155 58
536 472
936 58
872 571
660 864
722 630
153 57
812 951
7 1
841 660
135 189
127 312
816 110
374 274
146 207
672 402
14 115
949 161
160 721
198 236
38 251
737 890
517 288
778 930
594 60
265 154
37 119
700 467
486 851
411 136
300 414
650 25
211 590
93 29
100 551
46 138
319 514
313 736
822 175
226 91
261 30
39 416
686 501
153 209
688 444
258 272
67 19
376 36
833 658
471 573
52 26
134 790
37 288
41 30
150 255
600 746
33 30
185 307
128 108
601 758
158 30
744 545
180 73
281 407
133 202
172 281
390 228
358 165
471 588
299 265
225 141
188 519
95 19
244 22
379 215
897 85
222 200
552 846
273 359
672 795
453 628
718 830
652 474
80 121
646 407
69 61
300 554
76 878
605 718
444 668
694 189
368 99
8 14
407 546
474 12
424 156
232 578
837 823
33 54
466 318
45 361
51 224
95 100
626 409
762 504
195 311
677 42
236 246
388 743
21 19
43 90
248 625
528 386
373 284
166 450
219 257
134 104
87 169
319 442
153 726
7 835
177 276
34 7
315 233
162 518
445 303
529 206
49 99
19 15
838 603
54 103
491 360
82 62
891 567
57 600
543 612
224 507
385 143
148 484
550 226
492 957
363 156
413 96
154 343
15 17
167 77
199 620
617 692
909 553
534 817
114 489
1 8
471 714
834 902
634 605
94 163
197 859
261 531
191 88
250 303
570 252
153 270
880 482
793 944
432 943
161 579
811 666
100 304
155 421
132 145
90 894
598 63
320 400
215 118
405 89
69 727
910 811
317 804
948 63
724 104
21 214
818 631
938 308
66 59
5 35
23 250
68 11
664 433
770 954
127 473
779 757
365 638
75 86
177 228
28 84
116 79
200 908
314 331
690 118
592 104
231 110
196 7
429 194
305 401
539 180
29 11
76 852
303 341
276 462
381 112
197 203
387 499
311 362
258 62
185 129
341 698
495 159
364 767
564 666
896 467
7 97
211 147
746 772
52 391
850 512
83 14
259 73
412 585
921 785
12 40
250 674
113 5
13 190
718 801
191 608
159 183
491 566
225 527
832 203
383 75
671 13
428 687
470 793
234 283
401 756
98 126
77 574
155 353
62 118
5 4
269 477
404 395
36 127
99 205
152 50
56 31
524 271
813 848
11 45
819 275
847 651
199 192
369 129
38 92
314 857
241 653
640 221
399 194
355 156
415 235
433 564
328 773
421 701
152 171
630 281
545 884
162 195
580 469
585 760
603 456
119 769
273 498
533 64
576 400
243 616
648 133
40 91
292 240
635 381
858 845
826 113
193 149
453 647
296 697
545 540
379 478
585 945
469 889
6 37
293 366
565 602
153 398
549 381
104 61
775 286
85 71
45 73
381 716
624 112
543 152
333 2
433 421
254 48
481 32
106 37
114 123
34 229
406 114
313 365
344 748
290 187
825 457
157 277
922 350
54 107
48 918
33 932
572 312
249 253
88 135
352 213
636 185
534 51
298 249
301 508
403 463
434 392
2 3
13 4
868 844
140 62
509 428
51 663
57 62
295 327
89 419
338 712
532 513
295 843
279 386
323 105
459 865
543 777
393 911
138 879
43 657
295 145
159 17
94 21
541 508
343 364
566 821
69 188
459 415
451 368
63 129
287 224
3 233
849 232
285 268
473 947
870 590
156 221
266 109
898 531
578 860
234 229
577 384
431 113
675 32
5 43
32 24
12 201
547 831
321 75
924 602
325 79
63 655
561 432
329 146
729 808
654 622
47 30
129 248
89 69
56 326
177 310
122 269
882 641
430 154
51 7
537 416
789 649
521 599
275 135
238 69
317 492
614 490
810 628
35 80
604 108
303 340
197 15
184 432
192 145
77 34
538 307
839 330
77 168
328 27
109 39
480 342
423 935
24 79
229 239
797 68
247 610
754 184
161 725
18 237
708 285
327 715
58 249
669 75
719 618
511 286
296 162
422 695
364 812
497 49
824 567
251 387
173 348
93 873
26 74
114 428
191 282
274 227
179 504
460 328
123 521
322 239
300 94
31 9
320 222
356 764
194 191
147 129
644 679
5 11
465 510
443 939
313 41
138 146
55 87
17 30
26 397
196 344
213 202
8 98
627 940
820 243
377 680
242 172
300 530
172 435
656 230
193 552
319 308
813 946
494 469
108 29
583 567
377 658
219 147
955 100
704 305
571 149
81 161
392 135
85 937
39 53
54 807
200 119
65 8
346 950
1 132
786 453
558 244
871 574
101 33
64 926
803 205
403 595
69 117
4 1
335 69
192 464
6 64
750 26
22 8
55 70
195 256
7 766
240 73
127 212
778 854
171 389
24 651
10 23
893 40
2 151
813 651
252 64
105 110
13 114
55 874
733 250
124 46
72 10
20 19
457 593
125 426
223 706
1 2
572 728
482 347
42 601
242 581
696 627
512 164
223 709
294 42
673 505
661 952
781 408
28 178
373 661
933 215
55 58
411 453
173 241
336 427
76 69
389 420
895 519
828 55
293 461
410 219
953 333
901 454
469 231
606 623
372 72
338 339
393 70
787 464
425 42
559 731
525 94
46 37
483 681
1 175
133 46
486 112
676 711
441 399
4 122
268 118
45 356
302 346
449 522
154 107
181 122
50 402
96 38
639 834
618 179
887 358
791 681
164 35
354 149
113 243
438 18
805 589
198 280
235 929
170 85
399 888
360 262
37 729
166 113
16 619
513 155
866 752
912 215
443 97
912 925
703 653
732 11
741 207
902 942
373 606
308 567
409 147
143 73
25 131
632 203
267 59
471 136
906 593
610 639
63 184
20 38
855 283
269 516
478 523
763 354
615 291
899 879
120 22
596 867
506 101
705 700
796 482
23 24
394 376
476 51
815 693
613 464
591 217
233 378
660 101
118 730
154 457
470 107
755 702
380 535
778 684
631 456
57 496
306 547
485 881
86 111
12 60
141 40
559 191
408 61
178 235
245 229
36 26
51 371
605 457
185 208
110 827
264 82
478 568
496 596
289 60
304 412
88 61
302 185
7 10
370 142
246 301
328 584
119 783
95 187
386 388
113 142
535 627
382 713
780 440
487 394
771 234
702 41
27 23
286 95
39 44
12 10
441 633
17 542
165 34
78 21
314 62
52 759
503 280
490 556
308 96
296 396
441 589
680 799
916 50
156 90
662 597
185 768
303 332
589 862
856 919
587 90
842 763
160 29
342 575
220 649
273 19
883 248
540 525
